Year,Product,India_Exports,Global_Exports,India_Export_Percentage,Export_Rank,Prev_Exports,Export_Growth_Percentage,India_Imports,Global_Imports,India_Import_Percentage,Import_Rank,Prev_Imports,Import_Growth_Percentage,India_Total_Trade,Global_Total_Trade,India_Total_Trade_Percentage,Trade_Rank,Prev_Total_Trade,Total_Trade_Growth_Percentage,Trade_Deficit,Prev_Trade_Deficit,Trade_Deficit_Growth_Percentage
2023,Agricultural products,51061,2302227,2.22,14,54685,-6.63,41157,2385127,1.73,14,46454,-11.4,92218,4687354,1.97,15,101139,-8.82,-9904,-8231,20.33
2023,Automotive products,17049,1870094,0.91,22,16876,1.03,8360,1878796,0.44,38,7552,10.7,25409,3748890,0.68,27,24428,4.02,-8689,-9324,-6.81
2023,Chemicals,62161,2824734,2.2,14,65221,-4.69,83738,2970280,2.82,8,95608,-12.42,145899,5795014,2.52,13,160829,-9.28,21577,30387,-28.99
2023,Clothing,15366,554377,2.77,9,17641,-12.9,1751,486046,0.36,42,1952,-10.3,17117,1040423,1.65,15,19593,-12.64,-13615,-15689,-13.22
2023,Electronic data processing and office equipment,1699,696813,0.24,30,1420,19.65,24565,725256,3.39,8,22495,9.2,26264,1422069,1.85,15,23915,9.82,22866,21075,8.5
2023,Food,47512,2030654,2.34,14,50417,-5.76,31355,2094130,1.5,15,34339,-8.69,78867,4124784,1.91,15,84756,-6.95,-16157,-16078,0.49
2023,Fuels,89328,3285952,2.72,10,98470,-9.28,220590,3324743,6.63,3,277235,-20.43,309918,6610695,4.69,3,375705,-17.51,131262,178765,-26.57
2023,Fuels and mining products,106091,4270726,2.48,9,115338,-8.02,260713,4449734,5.86,3,321031,-18.79,366804,8720460,4.21,3,436369,-15.94,154622,205693,-24.83
2023,Integrated circuits and electronic components,2319,1173635,0.2,21,1872,23.88,26851,1325579,2.03,13,20761,29.33,29170,2499214,1.17,15,22633,28.88,24532,18889,29.87
2023,Iron and steel,15070,541270,2.78,11,18399,-18.09,13738,547449,2.51,11,12137,13.19,28808,1088719,2.65,12,30536,-5.66,-1332,-6262,-78.73
2023,Machinery and transport equipment,89614,8371713,1.07,23,80798,10.91,153863,8605998,1.79,15,142277,8.14,243477,16977711,1.43,21,223075,9.15,64249,61479,4.51
2023,Manufactures,273791,16051617,1.71,19,281864,-2.86,325672,16113391,2.02,14,326869,-0.37,599463,32165008,1.86,17,608733,-1.52,51881,45005,15.28
2023,Office and telecom equipment,19893,2729053,0.73,18,13303,49.54,63478,2943477,2.16,13,56967,11.43,83371,5672530,1.47,15,70270,18.64,43585,43664,-0.18
2023,Pharmaceuticals,23166,907319,2.55,11,21521,7.64,5261,953807,0.55,31,4955,6.18,28427,1861126,1.53,17,26476,7.37,-17905,-16566,8.08
2023,Telecommunications equipment,15875,858602,1.85,12,10011,58.58,12063,892645,1.35,18,13711,-12.02,27938,1751247,1.6,14,23722,17.77,-3812,3700,-203.03
2023,Textiles,18042,326487,5.53,2,19339,-6.71,5618,280673,2.0,13,5968,-5.86,23660,607160,3.9,5,25307,-6.51,-12424,-13371,-7.08
2023,Transport equipment,30246,2452837,1.23,22,28571,5.86,25473,2400716,1.06,26,21458,18.71,55719,4853553,1.15,22,50029,11.37,-4773,-7113,-32.9
2022,Agricultural products,54685,2328660,2.35,12,50490,8.31,46454,2440146,1.9,13,38206,21.59,101139,4768806,2.12,14,88696,14.03,-8231,-12284,-32.99
2022,Automotive products,16876,1563668,1.08,22,14753,14.39,7552,1584054,0.48,40,6949,8.68,24428,3147722,0.78,26,21702,12.56,-9324,-7804,19.48
2022,Chemicals,65221,3068154,2.13,14,62291,4.7,95608,3251197,2.94,9,78207,22.25,160829,6319351,2.55,13,140498,14.47,30387,15916,90.92
2022,Clothing,17641,584347,3.02,7,16150,9.23,1952,534844,0.36,38,1604,21.7,19593,1119191,1.75,15,17754,10.36,-15689,-14546,7.86
2022,Electronic data processing and office equipment,1420,756801,0.19,32,1912,-25.73,22495,815076,2.76,10,24620,-8.63,23915,1571877,1.52,15,26532,-9.86,21075,22708,-7.19
2022,Food,50417,2015463,2.5,13,44690,12.81,34339,2095885,1.64,14,28819,19.15,84756,4111348,2.06,15,73509,15.3,-16078,-15871,1.3
2022,Fuels,98470,4101750,2.4,12,56398,74.6,277235,4172691,6.64,3,170395,62.7,375705,8274441,4.54,4,226793,65.66,178765,113997,56.82
2022,Fuels and mining products,115338,5172017,2.23,13,75455,52.86,321031,5445171,5.9,4,201546,59.28,436369,10617188,4.11,4,277001,57.53,205693,126091,63.13
2022,Integrated circuits and electronic components,1872,1309652,0.14,22,920,103.48,20761,1491304,1.39,14,18507,12.18,22633,2800956,0.81,15,19427,16.5,18889,17587,7.4
2022,Iron and steel,18399,622437,2.96,11,23610,-22.07,12137,634090,1.91,17,9213,31.74,30536,1256527,2.43,12,32823,-6.97,-6262,-14397,-56.5
2022,Machinery and transport equipment,80798,8124026,0.99,23,68289,18.32,142277,8454687,1.68,16,118867,19.69,223075,16578713,1.35,22,187156,19.19,61479,50578,21.55
2022,Manufactures,281864,16288617,1.73,16,268509,4.97,326869,16622868,1.97,14,273358,19.58,608733,32911485,1.85,16,541867,12.34,45005,4849,828.13
2022,Office and telecom equipment,13303,2930125,0.45,23,8961,48.45,56967,3197052,1.78,14,53627,6.23,70270,6127177,1.15,17,62588,12.27,43664,44666,-2.24
2022,Pharmaceuticals,21521,910048,2.36,13,21012,2.42,4955,951434,0.52,31,5565,-10.96,26476,1861482,1.42,16,26577,-0.38,-16566,-15447,7.24
2022,Telecommunications equipment,10011,863651,1.16,16,6129,63.34,13711,890686,1.54,17,10499,30.59,23722,1754337,1.35,18,16628,42.66,3700,4370,-15.33
2022,Textiles,19339,355723,5.44,2,22233,-13.02,5968,318869,1.87,15,5305,12.5,25307,674592,3.75,5,27538,-8.1,-13371,-16928,-21.01
2022,Transport equipment,28571,2112367,1.35,19,27068,5.55,21458,2079752,1.03,25,15685,36.81,50029,4192119,1.19,22,42753,17.02,-7113,-11383,-37.51
2021,Agricultural products,50490,2145271,2.35,12,38872,29.89,38206,2205065,1.73,13,26188,45.89,88696,4350336,2.04,14,65060,36.33,-12284,-12684,-3.15
2021,Automotive products,14753,1474006,1.0,22,10533,40.06,6949,1481136,0.47,38,4688,48.23,21702,2955142,0.73,27,15221,42.58,-7804,-5845,33.52
2021,Chemicals,62291,2806675,2.22,13,52693,18.21,78207,2915531,2.68,10,53091,47.31,140498,5722206,2.46,13,105784,32.82,15916,398,3898.99
2021,Clothing,16150,553632,2.92,8,12973,24.49,1604,492361,0.33,43,1137,41.07,17754,1045993,1.7,15,14110,25.83,-14546,-11836,22.9
2021,Electronic data processing and office equipment,1912,786054,0.24,29,1120,70.71,24620,853248,2.89,9,17974,36.98,26532,1639302,1.62,15,19094,38.95,22708,16854,34.73
2021,Food,44690,1840002,2.43,12,35189,27.0,28819,1884151,1.53,15,20186,42.77,73509,3724153,1.97,15,55375,32.75,-15871,-15003,5.79
2021,Fuels,56398,2540728,2.22,12,27633,104.1,170395,2591236,6.58,3,104356,63.28,226793,5131964,4.42,4,131989,71.83,113997,76723,48.58
2021,Fuels and mining products,75455,3653061,2.07,13,40591,85.89,201546,3839929,5.25,4,123616,63.04,277001,7492990,3.7,6,164207,68.69,126091,83025,51.87
2021,Integrated circuits and electronic components,920,1193657,0.08,26,599,53.59,18507,1391634,1.33,13,11171,65.67,19427,2585291,0.75,15,11770,65.06,17587,10572,66.35
2021,Iron and steel,23610,584986,4.04,7,12562,87.95,9213,569756,1.62,20,6074,51.68,32823,1154742,2.84,12,18636,76.13,-14397,-6488,121.9
2021,Machinery and transport equipment,68289,7826244,0.87,25,50630,34.88,118867,8030447,1.48,18,90448,31.42,187156,15856691,1.18,22,141078,32.66,50578,39818,27.02
2021,Manufactures,268509,15446794,1.74,17,195416,37.4,273358,15500870,1.76,17,194319,40.67,541867,30947664,1.75,18,389735,39.03,4849,-1097,-542.02
2021,Office and telecom equipment,8961,2888146,0.31,27,5712,56.88,53627,3159282,1.7,13,39725,35.0,62588,6047428,1.03,19,45437,37.75,44666,34013,31.32
2021,Pharmaceuticals,21012,883181,2.38,13,20030,4.9,5565,912566,0.61,29,4458,24.83,26577,1795747,1.48,16,24488,8.53,-15447,-15572,-0.8
2021,Telecommunications equipment,6129,908432,0.67,23,3992,53.53,10499,914392,1.15,20,10580,-0.77,16628,1822824,0.91,23,14572,14.11,4370,6588,-33.67
2021,Textiles,22233,358519,6.2,2,15042,47.81,5305,315291,1.68,19,3436,54.39,27538,673810,4.09,5,18478,49.03,-16928,-11606,45.86
2021,Transport equipment,27068,2014087,1.34,20,20577,31.54,15685,1942411,0.81,30,13696,14.52,42753,3956498,1.08,23,34273,24.74,-11383,-6881,65.43
2020,Agricultural products,38872,1811904,2.15,14,37371,4.02,26188,1850408,1.42,17,27931,-6.24,65060,3662312,1.78,17,65302,-0.37,-12684,-9440,34.36
2020,Automotive products,10533,1272021,0.83,23,14704,-28.37,4688,1280934,0.37,39,5934,-21.0,15221,2552955,0.6,29,20638,-26.25,-5845,-8770,-33.35
2020,Chemicals,52693,2226591,2.37,13,53104,-0.77,53091,2311896,2.3,12,59532,-10.82,105784,4538487,2.33,13,112636,-6.08,398,6428,-93.81
2020,Clothing,12973,458373,2.83,8,17160,-24.4,1137,417512,0.27,46,1353,-15.96,14110,875885,1.61,16,18513,-23.78,-11836,-15807,-25.12
2020,Electronic data processing and office equipment,1120,668425,0.17,33,1261,-11.18,17974,719711,2.5,11,19426,-7.47,19094,1388136,1.38,17,20687,-7.7,16854,18165,-7.22
2020,Food,35189,1578375,2.23,15,33665,4.53,20186,1607159,1.26,19,19026,6.1,55375,3185534,1.74,17,52691,5.09,-15003,-14639,2.49
2020,Fuels,27633,1574587,1.75,16,44532,-37.95,104356,1601963,6.51,4,152670,-31.65,131989,3176550,4.16,5,197202,-33.07,76723,108138,-29.05
2020,Fuels and mining products,40591,2329900,1.74,17,55978,-27.49,123616,2438411,5.07,5,177565,-30.38,164207,4768311,3.44,8,233543,-29.69,83025,121587,-31.72
2020,Integrated circuits and electronic components,599,939429,0.06,28,805,-25.59,11171,1097465,1.02,15,14113,-20.85,11770,2036894,0.58,16,14918,-21.1,10572,13308,-20.56
2020,Iron and steel,12562,364652,3.44,8,12064,4.13,6074,371149,1.64,19,10066,-39.66,18636,735801,2.53,13,22130,-15.79,-6488,-1998,224.72
2020,Machinery and transport equipment,50630,6548646,0.77,27,61678,-17.91,90448,6723280,1.35,20,109229,-17.19,141078,13271926,1.06,22,170907,-17.45,39818,47551,-16.26
2020,Manufactures,195416,12629953,1.55,19,229445,-14.83,194319,12736345,1.53,19,240150,-19.08,389735,25366298,1.54,20,469595,-17.01,-1097,10705,-110.25
2020,Office and telecom equipment,5712,2403003,0.24,29,6366,-10.27,39725,2614324,1.52,14,44648,-11.03,45437,5017327,0.91,19,51014,-10.93,34013,38282,-11.15
2020,Pharmaceuticals,20030,735539,2.72,12,17859,12.16,4458,764540,0.58,30,4456,0.04,24488,1500079,1.63,15,22315,9.74,-15572,-13403,16.18
2020,Telecommunications equipment,3992,795139,0.5,25,4300,-7.16,10580,797153,1.33,19,11109,-4.76,14572,1592292,0.92,23,15409,-5.43,6588,6809,-3.25
2020,Textiles,15042,333878,4.51,2,17189,-12.49,3436,308453,1.11,23,4605,-25.39,18478,642331,2.88,6,21794,-15.22,-11606,-12584,-7.77
2020,Transport equipment,20577,1728401,1.19,22,27238,-24.45,13696,1681438,0.81,28,16341,-16.19,34273,3409839,1.01,22,43579,-21.35,-6881,-10897,-36.85
2019,Agricultural products,37371,1791633,2.09,15,38927,-4.0,27931,1834287,1.52,16,28246,-1.12,65302,3625920,1.8,15,67173,-2.79,-9440,-10681,-11.62
2019,Automotive products,14704,1510379,0.97,22,15397,-4.5,5934,1540179,0.39,42,6628,-10.47,20638,3050558,0.68,28,22025,-6.3,-8770,-8769,0.01
2019,Chemicals,53104,2218767,2.39,14,50071,6.06,59532,2323172,2.56,10,60105,-0.95,112636,4541939,2.48,13,110176,2.23,6428,10034,-35.94
2019,Clothing,17160,507714,3.38,6,16552,3.67,1353,461728,0.29,44,1221,10.81,18513,969442,1.91,14,17773,4.16,-15807,-15331,3.1
2019,Electronic data processing and office equipment,1261,700527,0.18,32,997,26.48,19426,682704,2.85,10,20121,-3.45,20687,1383231,1.5,15,21118,-2.04,18165,19124,-5.01
2019,Food,33665,1540552,2.19,16,33865,-0.59,19026,1566108,1.21,19,19554,-2.7,52691,3106660,1.7,16,53419,-1.36,-14639,-14311,2.29
2019,Fuels,44532,2372474,1.88,15,48591,-8.35,152670,2366796,6.45,4,168782,-9.55,197202,4739270,4.16,6,217373,-9.28,108138,120191,-10.03
2019,Fuels and mining products,55978,3099281,1.81,16,59987,-6.68,177565,3193371,5.56,4,198755,-10.66,233543,6292652,3.71,6,258742,-9.74,121587,138768,-12.38
2019,Integrated circuits and electronic components,805,858651,0.09,26,544,47.98,14113,1004238,1.41,14,11515,22.56,14918,1862889,0.8,15,12059,23.71,13308,10971,21.3
2019,Iron and steel,12064,420050,2.87,11,12147,-0.68,10066,435114,2.31,15,10338,-2.63,22130,855164,2.59,11,22485,-1.58,-1998,-1809,10.45
2019,Machinery and transport equipment,61678,6877700,0.9,26,57014,8.18,109229,7154997,1.53,17,109589,-0.33,170907,14032697,1.22,22,166603,2.58,47551,52575,-9.56
2019,Manufactures,229445,13248288,1.73,17,223265,2.77,240150,13475532,1.78,16,246405,-2.54,469595,26723820,1.76,17,469670,-0.02,10705,23140,-53.74
2019,Office and telecom equipment,6366,2316737,0.27,28,3686,72.71,44648,2505178,1.78,14,45899,-2.73,51014,4821915,1.06,19,49585,2.88,38282,42213,-9.31
2019,Pharmaceuticals,17859,670787,2.66,11,15755,13.35,4456,708894,0.63,28,4089,8.98,22315,1379681,1.62,16,19844,12.45,-13403,-11666,14.89
2019,Telecommunications equipment,4300,757561,0.57,24,2144,100.56,11109,818225,1.36,18,14262,-22.11,15409,1575786,0.98,21,16406,-6.08,6809,12118,-43.81
2019,Textiles,17189,311730,5.51,2,18115,-5.11,4605,275850,1.67,19,4528,1.7,21794,587580,3.71,5,22643,-3.75,-12584,-13587,-7.38
2019,Transport equipment,27238,2057594,1.32,22,26453,2.97,16341,2055999,0.79,30,16939,-3.53,43579,4113593,1.06,23,43392,0.43,-10897,-9514,14.54
2018,Agricultural products,38927,1815921,2.14,13,38833,0.24,28246,1858654,1.52,16,32991,-14.38,67173,3674575,1.83,14,71824,-6.48,-10681,-5842,82.83
2018,Automotive products,15397,1545514,1.0,22,13651,12.79,6628,1560561,0.42,40,5988,10.69,22025,3106075,0.71,27,19639,12.15,-8769,-7663,14.43
2018,Chemicals,50071,2262008,2.21,14,40916,22.38,60105,2362010,2.54,10,49083,22.46,110176,4624018,2.38,13,89999,22.42,10034,8167,22.86
2018,Clothing,16552,508103,3.26,6,18313,-9.62,1221,462790,0.26,46,817,49.45,17773,970893,1.83,15,19130,-7.09,-15331,-17496,-12.37
2018,Electronic data processing and office equipment,997,740872,0.13,34,1013,-1.58,20121,711378,2.83,10,21015,-4.25,21118,1452250,1.45,16,22028,-4.13,19124,20002,-4.39
2018,Food,33865,1543484,2.19,14,34374,-1.48,19554,1564313,1.25,18,25037,-21.9,53419,3107797,1.72,16,59411,-10.09,-14311,-9337,53.27
2018,Fuels,48591,2533472,1.92,15,35871,35.46,168782,2579499,6.54,4,123104,37.11,217373,5112971,4.25,5,158975,36.73,120191,87233,37.78
2018,Fuels and mining products,59987,3271638,1.83,17,47674,25.83,198755,3425203,5.8,4,148150,34.16,258742,6696841,3.86,5,195824,32.13,138768,100476,38.11
2018,Integrated circuits and electronic components,544,855375,0.06,29,452,20.35,11515,1010760,1.14,15,7888,45.98,12059,1866135,0.65,16,8340,44.59,10971,7436,47.54
2018,Iron and steel,12147,471005,2.58,13,13905,-12.64,10338,482417,2.14,17,8608,20.1,22485,953422,2.36,12,22513,-0.12,-1809,-5297,-65.85
2018,Machinery and transport equipment,57014,7020346,0.81,26,49071,16.19,109589,7281234,1.51,17,96805,13.21,166603,14301580,1.16,22,145876,14.21,52575,47734,10.14
2018,Manufactures,223265,13514529,1.65,17,205024,8.9,246405,13749811,1.79,15,222655,10.67,469670,27264340,1.72,17,427679,9.82,23140,17631,31.25
2018,Office and telecom equipment,3686,2366881,0.16,32,2439,51.13,45899,2570729,1.79,14,42152,8.89,49585,4937610,1.0,19,44591,11.2,42213,39713,6.3
2018,Pharmaceuticals,15755,636811,2.47,12,14276,10.36,4089,674017,0.61,28,3396,20.41,19844,1310828,1.51,16,17672,12.29,-11666,-10880,7.22
2018,Telecommunications equipment,2144,770627,0.28,28,973,120.35,14262,848588,1.68,13,13249,7.65,16406,1619215,1.01,19,14222,15.36,12118,12276,-1.29
2018,Textiles,18115,319333,5.67,2,17078,6.07,4528,283356,1.6,20,3983,13.68,22643,602689,3.76,5,21061,7.51,-13587,-13095,3.76
2018,Transport equipment,26453,2105988,1.26,22,25284,4.62,16939,2087837,0.81,30,17079,-0.82,43392,4193825,1.03,24,42363,2.43,-9514,-8205,15.95
2017,Agricultural products,38833,1737252,2.24,14,33064,17.45,32991,1766495,1.87,13,29029,13.65,71824,3503747,2.05,13,62093,15.67,-5842,-4035,44.78
2017,Automotive products,13651,1467427,0.93,23,12605,8.3,5988,1473540,0.41,40,5183,15.53,19639,2940967,0.67,27,17788,10.41,-7663,-7422,3.25
2017,Chemicals,40916,2009299,2.04,15,36689,11.52,49083,2113638,2.32,12,42890,14.44,89999,4122937,2.18,14,79579,13.09,8167,6201,31.7
2017,Clothing,18313,480039,3.81,6,17932,2.12,817,431133,0.19,48,717,13.95,19130,911172,2.1,13,18649,2.58,-17496,-17215,1.63
2017,Electronic data processing and office equipment,1013,661142,0.15,34,538,88.29,21015,628558,3.34,7,7390,184.37,22028,1289700,1.71,15,7928,177.85,20002,6852,191.91
2017,Food,34374,1483276,2.32,13,29062,18.28,25037,1494270,1.68,15,21719,15.28,59411,2977546,2.0,13,50781,16.99,-9337,-7343,27.16
2017,Fuels,35871,1948251,1.84,18,27704,29.48,123104,2011210,6.12,4,89302,37.85,158975,3959461,4.02,6,117006,35.87,87233,61598,41.62
2017,Fuels and mining products,47674,2613174,1.82,18,35929,32.69,148150,2767184,5.35,4,108092,37.06,195824,5380358,3.64,7,144021,35.97,100476,72163,39.23
2017,Integrated circuits and electronic components,452,760335,0.06,31,355,27.32,7888,888651,0.89,15,5489,43.71,8340,1648986,0.51,17,5844,42.71,7436,5134,44.84
2017,Iron and steel,13905,416815,3.34,10,8245,68.65,8608,426599,2.02,16,7796,10.42,22513,843414,2.67,11,16041,40.35,-5297,-449,1079.73
2017,Machinery and transport equipment,49071,6517328,0.75,28,43358,13.18,96805,6733436,1.44,18,82292,17.64,145876,13250764,1.1,23,125650,16.1,47734,38934,22.6
2017,Manufactures,205024,12481405,1.64,18,186061,10.19,222655,12645147,1.76,15,185999,19.71,427679,25126552,1.7,17,372060,14.95,17631,-62,-28537.1
2017,Office and telecom equipment,2439,2177307,0.11,35,2368,3.0,42152,2380008,1.77,15,31918,32.06,44591,4557315,0.98,19,34286,30.06,39713,29550,34.39
2017,Pharmaceuticals,14276,567936,2.51,11,14391,-0.8,3396,609366,0.56,31,3159,7.5,17672,1177302,1.5,16,17550,0.7,-10880,-11232,-3.13
2017,Telecommunications equipment,973,755828,0.13,40,1475,-34.03,13249,862795,1.54,14,19040,-30.41,14222,1618623,0.88,23,20515,-30.68,12276,17565,-30.11
2017,Textiles,17078,302763,5.64,2,16121,5.94,3983,266619,1.49,20,3593,10.85,21061,569382,3.7,5,19714,6.83,-13095,-12528,4.53
2017,Transport equipment,25284,2021860,1.25,20,22823,10.78,17079,1972014,0.87,27,15813,8.01,42363,3993874,1.06,22,38636,9.65,-8205,-7010,17.05
2016,Agricultural products,33064,1593977,2.07,15,34643,-4.56,29029,1612358,1.8,13,27718,4.73,62093,3206335,1.94,13,62361,-0.43,-4035,-6925,-41.73
2016,Automotive products,12605,1368043,0.92,22,11363,10.93,5183,1367190,0.38,39,5430,-4.55,17788,2735233,0.65,27,16793,5.93,-7422,-5933,25.1
2016,Chemicals,36689,1834322,2.0,15,35946,2.07,42890,1915767,2.24,13,46819,-8.39,79579,3750089,2.12,14,82765,-3.85,6201,10873,-42.97
2016,Clothing,17932,460745,3.89,5,18168,-1.3,717,410974,0.17,47,672,6.7,18649,871719,2.14,13,18840,-1.01,-17215,-17496,-1.61
2016,Electronic data processing and office equipment,538,517271,0.1,35,590,-8.81,7390,529238,1.4,16,8293,-10.89,7928,1046509,0.76,24,8883,-10.75,6852,7703,-11.05
2016,Food,29062,1366037,2.13,13,29954,-2.98,21719,1366541,1.59,17,20490,6.0,50781,2732578,1.86,14,50444,0.67,-7343,-9464,-22.41
2016,Fuels,27704,1499471,1.85,17,31387,-11.73,89302,1535847,5.81,4,104631,-14.65,117006,3035318,3.85,7,136018,-13.98,61598,73244,-15.9
2016,Fuels and mining products,35929,2042685,1.76,20,40316,-10.88,108092,2136417,5.06,6,129921,-16.8,144021,4179102,3.45,9,170237,-15.4,72163,89605,-19.47
2016,Integrated circuits and electronic components,355,638124,0.06,32,356,-0.28,5489,765854,0.72,16,4304,27.53,5844,1403978,0.42,19,4660,25.41,5134,3948,30.04
2016,Iron and steel,8245,344627,2.39,12,8289,-0.53,7796,351457,2.22,15,10090,-22.74,16041,696084,2.3,12,18379,-12.72,-449,1801,-124.93
2016,Machinery and transport equipment,43358,5938587,0.73,27,43325,0.08,82292,6122220,1.34,17,80445,2.3,125650,12060807,1.04,22,123770,1.52,38934,37120,4.89
2016,Manufactures,186061,11478910,1.62,18,181637,2.44,185999,11588726,1.6,16,187219,-0.65,372060,23067636,1.61,17,368856,0.87,-62,5582,-101.11
2016,Office and telecom equipment,2368,1935555,0.12,35,2261,4.73,31918,2111311,1.51,15,32535,-1.9,34286,4046866,0.85,19,34796,-1.47,29550,30274,-2.39
2016,Pharmaceuticals,14391,539455,2.67,10,13903,3.51,3159,565983,0.56,28,3148,0.35,17550,1105438,1.59,16,17051,2.93,-11232,-10755,4.44
2016,Telecommunications equipment,1475,780140,0.19,36,1315,12.17,19040,816221,2.33,9,19938,-4.5,20515,1596361,1.29,14,21253,-3.47,17565,18623,-5.68
2016,Textiles,16121,288985,5.58,2,17263,-6.62,3593,250771,1.43,21,3875,-7.28,19714,539756,3.65,4,21138,-6.74,-12528,-13388,-6.42
2016,Transport equipment,22823,1919363,1.19,22,23210,-1.67,15813,1885133,0.84,27,15322,3.2,38636,3804496,1.02,22,38532,0.27,-7010,-7888,-11.13
2015,Agricultural products,34643,1572392,2.2,14,42897,-19.24,27718,1605859,1.73,13,27316,1.47,62361,3178251,1.96,13,70213,-11.18,-6925,-15581,-55.55
2015,Automotive products,11363,1335580,0.85,22,11816,-3.83,5430,1329079,0.41,37,5312,2.22,16793,2664659,0.63,27,17128,-1.96,-5933,-6504,-8.78
2015,Chemicals,35946,1858868,1.93,16,37118,-3.16,46819,1953921,2.4,11,48048,-2.56,82765,3812789,2.17,14,85166,-2.82,10873,10930,-0.52
2015,Clothing,18168,471796,3.85,6,17650,2.93,672,417154,0.16,53,608,10.53,18840,888950,2.12,13,18258,3.19,-17496,-17042,2.66
2015,Electronic data processing and office equipment,590,549903,0.11,35,528,11.74,8293,558866,1.48,15,7685,7.91,8883,1108769,0.8,23,8213,8.16,7703,7157,7.63
2015,Food,29954,1339817,2.24,14,36003,-16.8,20490,1350034,1.52,17,19103,7.26,50444,2689851,1.88,13,55106,-8.46,-9464,-16900,-44.0
2015,Fuels,31387,1809237,1.73,22,62347,-49.66,104631,1860016,5.63,4,176925,-40.86,136018,3669253,3.71,8,239272,-43.15,73244,114578,-36.07
2015,Fuels and mining products,40316,2384584,1.69,21,72392,-44.31,129921,2495026,5.21,6,204229,-36.38,170237,4879610,3.49,8,276621,-38.46,89605,131837,-32.03
2015,Integrated circuits and electronic components,356,624248,0.06,31,405,-12.1,4304,742734,0.58,17,3107,38.53,4660,1366982,0.34,18,3512,32.69,3948,2702,46.11
2015,Iron and steel,8289,379861,2.18,15,11540,-28.17,10090,396971,2.54,10,9761,3.37,18379,776832,2.37,12,21301,-13.72,1801,-1779,-201.24
2015,Machinery and transport equipment,43325,5995689,0.72,26,48579,-10.82,80445,6136451,1.31,17,74800,7.55,123770,12132140,1.02,22,123379,0.32,37120,26221,41.57
2015,Manufactures,181637,11672557,1.56,18,198705,-8.59,187219,11708940,1.6,16,186191,0.55,368856,23381497,1.58,17,384896,-4.17,5582,-12514,-144.61
2015,Office and telecom equipment,2261,1976631,0.11,37,2969,-23.85,32535,2140648,1.52,15,28163,15.52,34796,4117279,0.85,19,31132,11.77,30274,25194,20.16
2015,Pharmaceuticals,13903,532459,2.61,10,12935,7.48,3148,551322,0.57,27,3189,-1.29,17051,1083781,1.57,15,16124,5.75,-10755,-9746,10.35
2015,Telecommunications equipment,1315,802469,0.16,35,2036,-35.41,19938,839057,2.38,9,17371,14.78,21253,1641526,1.29,13,19407,9.51,18623,15335,21.44
2015,Textiles,17263,297187,5.81,2,18266,-5.49,3875,252935,1.53,18,3760,3.06,21138,550122,3.84,4,22026,-4.03,-13388,-14506,-7.71
2015,Transport equipment,23210,1918881,1.21,18,27549,-15.75,15322,1857214,0.82,28,14649,4.59,38532,3776095,1.02,22,42198,-8.69,-7888,-12900,-38.85
2014,Agricultural products,42897,1750987,2.45,12,46954,-8.64,27316,1779205,1.54,16,24418,11.87,70213,3530192,1.99,13,71372,-1.62,-15581,-22536,-30.86
2014,Automotive products,11816,1401609,0.84,22,11267,4.87,5312,1394915,0.38,41,5277,0.66,17128,2796524,0.61,28,16544,3.53,-6504,-5990,8.58
2014,Chemicals,37118,2051119,1.81,18,39430,-5.86,48048,2138319,2.25,13,44568,7.81,85166,4189438,2.03,14,83998,1.39,10930,5138,112.73
2014,Clothing,17650,500526,3.53,7,16843,4.79,608,437682,0.14,55,522,16.48,18258,938208,1.95,15,17365,5.14,-17042,-16321,4.42
2014,Electronic data processing and office equipment,528,612683,0.09,36,638,-17.24,7685,607372,1.27,17,7803,-1.51,8213,1220055,0.67,26,8441,-2.7,7157,7165,-0.11
2014,Food,36003,1484409,2.43,12,37429,-3.81,19103,1488867,1.28,17,16690,14.46,55106,2973276,1.85,14,54119,1.82,-16900,-20739,-18.51
2014,Fuels,62347,3021792,2.06,15,69567,-10.38,176925,3052996,5.8,4,184172,-3.93,239272,6074788,3.94,7,253739,-5.7,114578,114605,-0.02
2014,Fuels and mining products,72392,3721365,1.95,16,79937,-9.44,204229,3836317,5.32,5,211378,-3.38,276621,7557682,3.66,9,291315,-5.04,131837,131441,0.3
2014,Integrated circuits and electronic components,405,623694,0.06,31,470,-13.83,3107,741243,0.42,21,3719,-16.46,3512,1364937,0.26,24,4189,-16.16,2702,3249,-16.84
2014,Iron and steel,11540,469809,2.46,13,12725,-9.31,9761,484582,2.01,16,8365,16.69,21301,954391,2.23,12,21090,1.0,-1779,-4360,-59.2
2014,Machinery and transport equipment,48579,6312085,0.77,26,46100,5.38,74800,6435566,1.16,23,75914,-1.47,123379,12747651,0.97,23,122014,1.12,26221,29814,-12.05
2014,Manufactures,198705,12536918,1.58,18,187899,5.75,186191,12507533,1.49,17,180982,2.88,384896,25044451,1.54,17,368881,4.34,-12514,-6917,80.92
2014,Office and telecom equipment,2969,2027719,0.15,36,5262,-43.58,28163,2176327,1.29,16,26371,6.8,31132,4204046,0.74,21,31633,-1.58,25194,21109,19.35
2014,Pharmaceuticals,12935,551478,2.35,13,13174,-1.81,3189,568458,0.56,29,3061,4.18,16124,1119936,1.44,16,16235,-0.68,-9746,-10113,-3.63
2014,Telecommunications equipment,2036,791329,0.26,32,4154,-50.99,17371,827711,2.1,10,14848,16.99,19407,1619040,1.2,17,19002,2.13,15335,10694,43.4
2014,Textiles,18266,320597,5.7,2,18907,-3.39,3760,270043,1.39,22,3579,5.06,22026,590640,3.73,5,22486,-2.05,-14506,-15328,-5.36
2014,Transport equipment,27549,1999887,1.38,17,22962,19.98,14649,1958832,0.75,28,16980,-13.73,42198,3958719,1.07,23,39942,5.65,-12900,-5982,115.65
2013,Agricultural products,46954,1725163,2.72,10,42395,10.75,24418,1727013,1.41,17,25668,-4.87,71372,3452176,2.07,13,68063,4.86,-22536,-16727,34.73
2013,Automotive products,11267,1348277,0.84,23,10038,12.24,5277,1335119,0.4,40,5870,-10.1,16544,2683396,0.62,29,15908,4.0,-5990,-4168,43.71
2013,Chemicals,39430,2008130,1.96,15,34502,14.28,44568,2083807,2.14,15,44502,0.15,83998,4091937,2.05,14,79004,6.32,5138,10000,-48.62
2013,Clothing,16843,474234,3.55,7,13833,21.76,522,415527,0.13,57,403,29.53,17365,889761,1.95,15,14236,21.98,-16321,-13430,21.53
2013,Electronic data processing and office equipment,638,600845,0.11,34,713,-10.52,7803,606052,1.29,17,7611,2.52,8441,1206897,0.7,24,8324,1.41,7165,6898,3.87
2013,Food,37429,1444024,2.59,12,30534,22.58,16690,1434617,1.16,19,17672,-5.56,54119,2878641,1.88,14,48206,12.27,-20739,-12862,61.24
2013,Fuels,69567,3297923,2.11,14,54377,27.93,184172,3276119,5.62,4,185677,-0.81,253739,6574042,3.86,7,240054,5.7,114605,131300,-12.72
2013,Fuels and mining products,79937,4016548,1.99,15,64348,24.23,211378,4081206,5.18,6,210285,0.52,291315,8097754,3.6,8,274633,6.07,131441,145937,-9.93
2013,Integrated circuits and electronic components,470,614436,0.08,30,394,19.29,3719,723274,0.51,19,3968,-6.28,4189,1337710,0.31,22,4362,-3.97,3249,3574,-9.09
2013,Iron and steel,12725,452701,2.81,12,10885,16.9,8365,456073,1.83,20,10938,-23.52,21090,908774,2.32,12,21823,-3.36,-4360,53,-8326.42
2013,Machinery and transport equipment,46100,6095750,0.76,25,39729,16.04,75914,6208436,1.22,22,79015,-3.92,122014,12304186,0.99,24,118744,2.75,29814,39286,-24.11
2013,Manufactures,187899,12088328,1.55,18,180146,4.3,180982,12035477,1.5,18,188349,-3.91,368881,24123805,1.53,17,368495,0.1,-6917,8203,-184.32
2013,Office and telecom equipment,5262,1972165,0.27,30,5401,-2.57,26371,2138271,1.23,16,25122,4.97,31633,4110436,0.77,20,30523,3.64,21109,19721,7.04
2013,Pharmaceuticals,13174,519644,2.54,11,10860,21.31,3061,538233,0.57,32,3069,-0.26,16235,1057877,1.53,16,13929,16.56,-10113,-7791,29.8
2013,Telecommunications equipment,4154,756868,0.55,24,4294,-3.26,14848,808951,1.84,11,13543,9.64,19002,1565819,1.21,17,17837,6.53,10694,9249,15.62
2013,Textiles,18907,311511,6.07,2,15274,23.79,3579,261782,1.37,22,3318,7.87,22486,573293,3.92,4,18592,20.94,-15328,-11956,28.2
2013,Transport equipment,22962,1908090,1.2,18,19103,20.2,16980,1845597,0.92,25,16544,2.64,39942,3753687,1.06,22,35647,12.05,-5982,-2559,133.76
2012,Agricultural products,42395,1657822,2.56,13,34491,22.92,25668,1665295,1.54,15,22551,13.82,68063,3323117,2.05,13,57042,19.32,-16727,-11940,40.09
2012,Automotive products,10038,1303379,0.77,24,8091,24.06,5870,1299028,0.45,38,5652,3.86,15908,2602407,0.61,30,13743,15.75,-4168,-2439,70.89
2012,Chemicals,34502,1962871,1.76,17,31257,10.38,44502,2037496,2.18,13,42238,5.36,79004,4000367,1.97,16,73495,7.5,10000,10981,-8.93
2012,Clothing,13833,434987,3.18,8,14672,-5.72,403,401413,0.1,66,364,10.71,14236,836400,1.7,15,15036,-5.32,-13430,-14308,-6.14
2012,Electronic data processing and office equipment,713,619265,0.12,34,721,-1.11,7611,626275,1.22,20,6801,11.91,8324,1245540,0.67,24,7522,10.66,6898,6080,13.45
2012,Food,30534,1374055,2.22,15,27009,13.05,17672,1375252,1.29,17,15296,15.53,48206,2749307,1.75,15,42305,13.95,-12862,-11713,9.81
2012,Fuels,54377,3378790,1.61,23,56554,-3.85,185677,3391711,5.47,5,157347,18.0,240054,6770501,3.55,8,213901,12.23,131300,100793,30.27
2012,Fuels and mining products,64348,4117296,1.56,26,68355,-5.86,210285,4217571,4.99,6,182947,14.94,274633,8334867,3.29,9,251302,9.28,145937,114592,27.35
2012,Integrated circuits and electronic components,394,556046,0.07,33,567,-30.51,3968,661502,0.6,18,4390,-9.61,4362,1217548,0.36,22,4957,-12.0,3574,3823,-6.51
2012,Iron and steel,10885,481894,2.26,16,10471,3.95,10938,488983,2.24,14,11279,-3.02,21823,970877,2.25,12,21750,0.34,53,808,-93.44
2012,Machinery and transport equipment,39729,5938503,0.67,27,41921,-5.23,79015,6072019,1.3,23,76683,3.04,118744,12010522,0.99,26,118604,0.12,39286,34762,13.01
2012,Manufactures,180146,11763171,1.53,18,184251,-2.23,188349,11782224,1.6,17,191503,-1.65,368495,23545395,1.57,17,375754,-1.93,8203,7252,13.11
2012,Office and telecom equipment,5401,1905854,0.28,30,6426,-15.95,25122,2077494,1.21,18,25814,-2.68,30523,3983348,0.77,22,32240,-5.33,19721,19388,1.72
2012,Pharmaceuticals,10860,506984,2.14,13,9503,14.28,3069,521629,0.59,32,2735,12.21,13929,1028613,1.35,18,12238,13.82,-7791,-6768,15.12
2012,Telecommunications equipment,4294,730530,0.59,25,5137,-16.41,13543,789708,1.71,14,14622,-7.38,17837,1520238,1.17,21,19759,-9.73,9249,9485,-2.49
2012,Textiles,15274,291565,5.24,2,15340,-0.43,3318,249622,1.33,22,3393,-2.21,18592,541187,3.44,6,18733,-0.75,-11956,-11947,0.08
2012,Transport equipment,19103,1861560,1.03,22,20646,-7.47,16544,1792348,0.92,27,12932,27.93,35647,3653908,0.98,24,33578,6.16,-2559,-7714,-66.83
2011,Agricultural products,34491,1644690,2.1,16,23106,49.27,22551,1676892,1.34,16,17864,26.24,57042,3321582,1.72,17,40970,39.23,-11940,-5242,127.78
2011,Automotive products,8091,1279678,0.63,25,7896,2.47,5652,1263291,0.45,38,4388,28.81,13743,2542969,0.54,31,12284,11.88,-2439,-3508,-30.47
2011,Chemicals,31257,1988319,1.57,17,23577,32.57,42238,2070107,2.04,15,34449,22.61,73495,4058426,1.81,17,58026,26.66,10981,10872,1.0
2011,Clothing,14672,437990,3.35,6,11229,30.66,364,415266,0.09,64,236,54.24,15036,853256,1.76,14,11465,31.15,-14308,-10993,30.16
2011,Electronic data processing and office equipment,721,609924,0.12,34,619,16.48,6801,622002,1.09,20,5285,28.68,7522,1231926,0.61,26,5904,27.41,6080,4666,30.3
2011,Food,27009,1344698,2.01,17,18199,48.41,15296,1360885,1.12,21,12317,24.19,42305,2705583,1.56,19,30516,38.63,-11713,-5882,99.13
2011,Fuels,56554,3192338,1.77,21,37976,48.92,157347,3246244,4.85,6,110831,41.97,213901,6438582,3.32,8,148807,43.74,100793,72855,38.35
2011,Fuels and mining products,68355,4010065,1.7,24,54710,24.94,182947,4169915,4.39,6,127588,43.39,251302,8179980,3.07,9,182298,37.85,114592,72878,57.24
2011,Integrated circuits and electronic components,567,562116,0.1,32,749,-24.3,4390,668786,0.66,19,2233,96.6,4957,1230902,0.4,23,2982,66.23,3823,1484,157.61
2011,Iron and steel,10471,520522,2.01,16,10612,-1.33,11279,522138,2.16,14,9838,14.65,21750,1042660,2.09,15,20450,6.36,808,-774,-204.39
2011,Machinery and transport equipment,41921,5882896,0.71,26,31931,31.29,76683,5974671,1.28,21,63751,20.29,118604,11857567,1.0,25,95682,23.96,34762,31820,9.25
2011,Manufactures,184251,11726215,1.57,18,138005,33.51,191503,11794005,1.62,17,157433,21.64,375754,23520220,1.6,17,295438,27.19,7252,19428,-62.67
2011,Office and telecom equipment,6426,1873435,0.34,28,3775,70.23,25814,2041524,1.26,17,21142,22.1,32240,3914959,0.82,21,24917,29.39,19388,17367,11.64
2011,Pharmaceuticals,9503,502789,1.89,13,7124,33.39,2735,517726,0.53,34,2434,12.37,12238,1020515,1.2,19,9558,28.04,-6768,-4690,44.31
2011,Telecommunications equipment,5137,701381,0.73,22,2408,113.33,14622,750740,1.95,11,13624,7.33,19759,1452121,1.36,17,16032,23.25,9485,11216,-15.43
2011,Textiles,15340,301597,5.09,3,12833,19.54,3393,261183,1.3,22,2790,21.61,18733,562780,3.33,6,15623,19.91,-11947,-10043,18.96
2011,Transport equipment,20646,1856155,1.11,20,15696,31.54,12932,1746161,0.74,30,13330,-2.99,33578,3602316,0.93,24,29026,15.68,-7714,-2366,226.04
2010,Agricultural products,23106,1348055,1.71,17,16384,41.03,17864,1375588,1.3,16,14224,25.59,40970,2723643,1.5,18,30608,33.85,-5242,-2160,142.69
2010,Automotive products,7896,1091629,0.72,24,4799,64.53,4388,1074047,0.41,38,3007,45.93,12284,2165676,0.57,31,7806,57.37,-3508,-1792,95.76
2010,Chemicals,23577,1697263,1.39,17,18522,27.29,34449,1763778,1.95,14,27232,26.5,58026,3461041,1.68,17,45754,26.82,10872,8710,24.82
2010,Clothing,11229,375265,2.99,7,12005,-6.46,236,361399,0.07,72,155,52.26,11465,736664,1.56,14,12160,-5.72,-10993,-11850,-7.23
2010,Electronic data processing and office equipment,619,592416,0.1,36,584,5.99,5285,597046,0.89,24,4316,22.45,5904,1189462,0.5,27,4900,20.49,4666,3732,25.03
2010,Food,18199,1114099,1.63,18,14104,29.03,12317,1127487,1.09,20,10238,20.31,30516,2241586,1.36,22,24342,25.36,-5882,-3866,52.15
2010,Fuels,37976,2332278,1.63,22,24016,58.13,110831,2377531,4.66,6,82631,34.13,148807,4709809,3.16,9,106647,39.53,72855,58615,24.29
2010,Fuels and mining products,54710,2989134,1.83,20,35171,55.55,127588,3100741,4.11,6,96167,32.67,182298,6089875,2.99,9,131338,38.8,72878,60996,19.48
2010,Integrated circuits and electronic components,749,548634,0.14,30,644,16.3,2233,640516,0.35,25,2771,-19.42,2982,1189150,0.25,28,3415,-12.68,1484,2127,-30.23
2010,Iron and steel,10612,419434,2.53,13,6471,63.99,9838,427752,2.3,11,7928,24.09,20450,847186,2.41,11,14399,42.02,-774,1457,-153.12
2010,Machinery and transport equipment,31931,5225118,0.61,28,27008,18.23,63751,5297729,1.2,22,58144,9.64,95682,10522847,0.91,26,85152,12.37,31820,31136,2.2
2010,Manufactures,138005,10203645,1.35,19,113303,21.8,157433,10318650,1.53,18,127161,23.81,295438,20522295,1.44,18,240464,22.86,19428,13858,40.19
2010,Office and telecom equipment,3775,1783960,0.21,34,5572,-32.25,21142,1930360,1.1,18,18721,12.93,24917,3714320,0.67,24,24293,2.57,17367,13149,32.08
2010,Pharmaceuticals,7124,461489,1.54,15,5922,20.3,2434,470029,0.52,33,2048,18.85,9558,931518,1.03,19,7970,19.92,-4690,-3874,21.06
2010,Telecommunications equipment,2408,642901,0.37,32,4344,-44.57,13624,692819,1.97,12,11634,17.11,16032,1335720,1.2,20,15978,0.34,11216,7290,53.85
2010,Textiles,12833,260216,4.93,4,9111,40.85,2790,227632,1.23,23,2262,23.34,15623,487848,3.2,7,11373,37.37,-10043,-6849,46.63
2010,Transport equipment,15696,1597744,0.98,22,11299,38.91,13330,1502109,0.89,25,13012,2.44,29026,3099853,0.94,24,24311,19.39,-2366,1713,-238.12
2009,Agricultural products,16384,1169022,1.4,20,21251,-22.9,14224,1195678,1.19,18,12005,18.48,30608,2364700,1.29,21,33256,-7.96,-2160,-9246,-76.64
2009,Automotive products,4799,843725,0.57,27,4875,-1.56,3007,841799,0.36,46,3505,-14.21,7806,1685524,0.46,33,8380,-6.85,-1792,-1370,30.8
2009,Chemicals,18522,1449752,1.28,17,20454,-9.45,27232,1498886,1.82,15,34383,-20.8,45754,2948638,1.55,16,54837,-16.56,8710,13929,-37.47
2009,Clothing,12005,338194,3.55,5,10968,9.45,155,329661,0.05,76,170,-8.82,12160,667855,1.82,13,11138,9.18,-11850,-10798,9.74
2009,Electronic data processing and office equipment,584,495908,0.12,36,517,12.96,4316,494761,0.87,26,4481,-3.68,4900,990669,0.49,30,4998,-1.96,3732,3964,-5.85
2009,Food,14104,994024,1.42,20,18095,-22.06,10238,1013964,1.01,22,7375,38.82,24342,2007988,1.21,22,25470,-4.43,-3866,-10720,-63.94
2009,Fuels,24016,1774300,1.35,25,32853,-26.9,82631,1813501,4.56,6,115837,-28.67,106647,3587801,2.97,9,148690,-28.28,58615,82984,-29.37
2009,Fuels and mining products,35171,2219028,1.58,23,44547,-21.05,96167,2304820,4.17,6,133134,-27.77,131338,4523848,2.9,9,177681,-26.08,60996,88587,-31.15
2009,Integrated circuits and electronic components,644,404800,0.16,29,600,7.33,2771,470070,0.59,21,1143,142.43,3415,874870,0.39,23,1743,95.93,2127,543,291.71
2009,Iron and steel,6471,321379,2.01,18,11217,-42.31,7928,336243,2.36,9,9638,-17.74,14399,657622,2.19,13,20855,-30.96,1457,-1579,-192.27
2009,Machinery and transport equipment,27008,4281302,0.63,27,24669,9.48,58144,4306616,1.35,20,64648,-10.06,85152,8587918,0.99,24,89317,-4.66,31136,39979,-22.12
2009,Manufactures,113303,8505159,1.33,18,113148,0.14,127161,8559698,1.49,16,139176,-8.63,240464,17064857,1.41,18,252324,-4.7,13858,26028,-46.76
2009,Office and telecom equipment,5572,1448191,0.38,30,1737,220.78,18721,1523708,1.23,17,12884,45.3,24293,2971899,0.82,23,14621,66.15,13149,11147,17.96
2009,Pharmaceuticals,5922,437040,1.36,16,5823,1.7,2048,444377,0.46,35,1870,9.52,7970,881417,0.9,19,7693,3.6,-3874,-3953,-2.0
2009,Telecommunications equipment,4344,547472,0.79,22,620,600.65,11634,558871,2.08,11,7259,60.27,15978,1106343,1.44,16,7879,102.79,7290,6639,9.81
2009,Textiles,9111,217891,4.18,7,10372,-12.16,2262,191090,1.18,24,2386,-5.2,11373,408981,2.78,10,12758,-10.86,-6849,-7986,-14.24
2009,Transport equipment,11299,1283622,0.88,24,10896,3.7,13012,1226873,1.06,24,22151,-41.26,24311,2510495,0.97,22,33047,-26.44,1713,11255,-84.78
2008,Agricultural products,21251,1333001,1.59,18,16301,30.37,12005,1385714,0.87,27,10659,12.63,33256,2718715,1.22,23,26960,23.35,-9246,-5642,63.88
2008,Automotive products,4875,1232310,0.4,28,3415,42.75,3505,1216997,0.29,50,2185,60.41,8380,2449307,0.34,37,5600,49.64,-1370,-1230,11.38
2008,Chemicals,20454,1679810,1.22,18,16363,25.0,34383,1754850,1.96,15,20643,66.56,54837,3434660,1.6,16,37006,48.18,13929,4280,225.44
2008,Clothing,10968,386653,2.84,8,9930,10.45,170,371102,0.05,77,127,33.86,11138,757755,1.47,14,10057,10.75,-10798,-9803,10.15
2008,Electronic data processing and office equipment,517,587217,0.09,38,447,15.66,4481,589690,0.76,29,4218,6.24,4998,1176907,0.42,32,4665,7.14,3964,3771,5.12
2008,Food,18095,1109730,1.63,18,13408,34.96,7375,1144353,0.64,37,6891,7.02,25470,2254083,1.13,22,20299,25.47,-10720,-6517,64.49
2008,Fuels,32853,2829941,1.16,28,23620,39.09,115837,2931041,3.95,7,73235,58.17,148690,5760982,2.58,13,96855,53.52,82984,49615,67.26
2008,Fuels and mining products,44547,3465318,1.29,27,34928,27.54,133134,3683497,3.61,9,86885,53.23,177681,7148815,2.49,13,121813,45.86,88587,51957,70.5
2008,Integrated circuits and electronic components,600,468707,0.13,32,304,97.37,1143,542733,0.21,30,1308,-12.61,1743,1011440,0.17,32,1612,8.13,543,1004,-45.92
2008,Iron and steel,11217,585065,1.92,19,8194,36.89,9638,602103,1.6,19,8274,16.49,20855,1187168,1.76,17,16468,26.64,-1579,80,-2073.75
2008,Machinery and transport equipment,24669,5533180,0.45,32,16471,49.77,64648,5486858,1.18,22,47888,35.0,89317,11020038,0.81,28,64359,38.78,39979,31417,27.25
2008,Manufactures,113148,10715726,1.06,24,92973,21.7,139176,10751882,1.29,20,101422,37.22,252324,21467608,1.18,22,194395,29.8,26028,8449,208.06
2008,Office and telecom equipment,1737,1703396,0.1,42,1334,30.21,12884,1805577,0.71,28,15446,-16.59,14621,3508973,0.42,33,16780,-12.87,11147,14112,-21.01
2008,Pharmaceuticals,5823,419807,1.39,16,4477,30.06,1870,430666,0.43,34,1616,15.72,7693,850473,0.9,20,6093,26.26,-3953,-2861,38.17
2008,Telecommunications equipment,620,647470,0.1,44,583,6.35,7259,673143,1.08,24,9920,-26.82,7879,1320613,0.6,31,10503,-24.98,6639,9337,-28.9
2008,Textiles,10372,258892,4.01,6,9617,7.85,2386,232354,1.03,27,2141,11.44,12758,491246,2.6,11,11758,8.5,-7986,-7476,6.82
2008,Transport equipment,10896,1810337,0.6,24,6393,70.44,22151,1694831,1.31,19,9274,138.85,33047,3505168,0.94,24,15667,110.93,11255,2881,290.66
2007,Agricultural products,16301,1120304,1.46,19,12452,30.91,10659,1165473,0.91,23,7976,33.64,26960,2285777,1.18,25,20428,31.98,-5642,-4476,26.05
2007,Automotive products,3415,1194320,0.29,32,2994,14.06,2185,1189744,0.18,60,1461,49.56,5600,2384064,0.23,43,4455,25.7,-1230,-1533,-19.77
2007,Chemicals,16363,1479750,1.11,20,14114,15.93,20643,1540574,1.34,21,16093,28.27,37006,3020324,1.23,19,30207,22.51,4280,1979,116.27
2007,Clothing,9930,366561,2.71,7,9564,3.83,127,349171,0.04,80,88,44.32,10057,715732,1.41,13,9652,4.2,-9803,-9476,3.45
2007,Electronic data processing and office equipment,447,582766,0.08,39,474,-5.7,4218,583207,0.72,28,4153,1.57,4665,1165973,0.4,31,4627,0.82,3771,3679,2.5
2007,Food,13408,908999,1.48,21,10370,29.3,6891,940023,0.73,31,5018,37.33,20299,1849022,1.1,23,15388,31.91,-6517,-5352,21.77
2007,Fuels,23620,1994966,1.18,27,18004,31.19,73235,2035374,3.6,9,61424,19.23,96855,4030340,2.4,13,79428,21.94,49615,43420,14.27
2007,Fuels and mining products,34928,2597986,1.34,27,27733,25.94,86885,2717756,3.2,10,72031,20.62,121813,5315742,2.29,13,99764,22.1,51957,44298,17.29
2007,Integrated circuits and electronic components,304,459214,0.07,33,226,34.51,1308,535041,0.24,28,1128,15.96,1612,994255,0.16,32,1354,19.05,1004,902,11.31
2007,Iron and steel,8194,477171,1.72,19,6582,24.49,8274,493246,1.68,19,5611,47.46,16468,970417,1.7,18,12193,35.06,80,-971,-108.24
2007,Machinery and transport equipment,16471,5141991,0.32,33,13237,24.43,47888,5127684,0.93,27,40792,17.4,64359,10269675,0.63,31,54029,19.12,31417,27555,14.02
2007,Manufactures,92973,9784907,0.95,25,79731,16.61,101422,9882470,1.03,25,82643,22.72,194395,19667377,0.99,25,162374,19.72,8449,2912,190.14
2007,Office and telecom equipment,1334,1642954,0.08,42,1164,14.6,15446,1750963,0.88,25,12817,20.51,16780,3393917,0.49,28,13981,20.02,14112,11653,21.1
2007,Pharmaceuticals,4477,371700,1.2,17,3416,31.06,1616,381982,0.42,36,1182,36.72,6093,753682,0.81,20,4598,32.51,-2861,-2234,28.07
2007,Telecommunications equipment,583,600970,0.1,43,464,25.65,9920,632714,1.57,15,7536,31.63,10503,1233684,0.85,25,8000,31.29,9337,7072,32.03
2007,Textiles,9617,249333,3.86,8,8880,8.3,2141,225473,0.95,28,1988,7.7,11758,474806,2.48,12,10868,8.19,-7476,-6892,8.47
2007,Transport equipment,6393,1699147,0.38,28,5084,25.75,9274,1605728,0.58,36,10717,-13.46,15667,3304875,0.47,34,15801,-0.85,2881,5633,-48.85
2006,Agricultural products,12452,934789,1.33,21,10274,21.2,7976,975741,0.82,25,7520,6.06,20428,1910530,1.07,25,17794,14.8,-4476,-2754,62.53
2006,Automotive products,2994,1020274,0.29,31,2635,13.62,1461,1013309,0.14,59,1192,22.57,4455,2033583,0.22,42,3827,16.41,-1533,-1443,6.24
2006,Chemicals,14114,1250382,1.13,20,11433,23.45,16093,1303914,1.23,21,13561,18.67,30207,2554296,1.18,20,24994,20.86,1979,2128,-7.0
2006,Clothing,9564,328294,2.91,6,8739,9.44,88,318243,0.03,83,62,41.94,9652,646537,1.49,13,8801,9.67,-9476,-8677,9.21
2006,Electronic data processing and office equipment,474,554959,0.09,38,435,8.97,4153,559442,0.74,25,3335,24.53,4627,1114401,0.42,29,3770,22.73,3679,2900,26.86
2006,Food,10370,749257,1.38,22,9001,15.21,5018,775921,0.65,31,4743,5.8,15388,1525178,1.01,25,13744,11.96,-5352,-4258,25.69
2006,Fuels,18004,1766779,1.02,28,10497,71.52,61424,1823411,3.37,9,46316,32.62,79428,3590190,2.21,15,56813,39.81,43420,35819,21.22
2006,Fuels and mining products,27733,2267228,1.22,28,18084,53.36,72031,2371757,3.04,10,53100,35.65,99764,4638985,2.15,15,71184,40.15,44298,35016,26.51
2006,Integrated circuits and electronic components,226,428431,0.05,37,196,15.31,1128,492849,0.23,32,937,20.38,1354,921280,0.15,35,1133,19.51,902,741,21.73
2006,Iron and steel,6582,374234,1.76,19,5364,22.71,5611,383611,1.46,19,4307,30.28,12193,757845,1.61,19,9671,26.08,-971,-1057,-8.14
2006,Machinery and transport equipment,13237,4537546,0.29,34,10568,25.26,40792,4498849,0.91,25,28222,44.54,54029,9036395,0.6,33,38790,39.29,27555,17654,56.08
2006,Manufactures,79731,8511838,0.94,25,70864,12.51,82643,8579566,0.96,26,67200,22.98,162374,17091404,0.95,23,138064,17.61,2912,-3664,-179.48
2006,Office and telecom equipment,1164,1574996,0.07,43,934,24.63,12817,1635711,0.78,24,10026,27.84,13981,3210707,0.44,31,10960,27.56,11653,9092,28.17
2006,Pharmaceuticals,3416,313367,1.09,17,2762,23.68,1182,322300,0.37,39,938,26.01,4598,635667,0.72,22,3700,24.27,-2234,-1824,22.48
2006,Telecommunications equipment,464,591607,0.08,42,303,53.14,7536,583426,1.29,17,5754,30.97,8000,1175033,0.68,25,6057,32.08,7072,5451,29.74
2006,Textiles,8880,229777,3.86,8,8331,6.59,1988,206320,0.96,24,1932,2.9,10868,436097,2.49,13,10263,5.89,-6892,-6399,7.7
2006,Transport equipment,5084,1446270,0.35,28,4358,16.66,10717,1361980,0.79,23,5652,89.61,15801,2808250,0.56,28,10010,57.85,5633,1294,335.32
2005,Agricultural products,10274,842666,1.22,23,8799,16.76,7520,890009,0.84,24,6822,10.23,17794,1732675,1.03,25,15621,13.91,-2754,-1977,39.3
2005,Automotive products,2635,921636,0.29,30,1765,49.29,1192,906965,0.13,60,908,31.28,3827,1828601,0.21,44,2673,43.17,-1443,-857,68.38
2005,Chemicals,11433,1105626,1.03,21,8840,29.33,13561,1161353,1.17,20,9177,47.77,24994,2266979,1.1,21,18017,38.72,2128,337,531.45
2005,Clothing,8739,292920,2.98,6,6926,26.18,62,294205,0.02,92,40,55.0,8801,587125,1.5,14,6966,26.34,-8677,-6886,26.01
2005,Electronic data processing and office equipment,435,501143,0.09,38,434,0.23,3335,514352,0.65,27,2554,30.58,3770,1015495,0.37,29,2988,26.17,2900,2120,36.79
2005,Food,9001,678408,1.33,21,7885,14.15,4743,708839,0.67,31,4265,11.21,13744,1387247,0.99,25,12150,13.12,-4258,-3620,17.62
2005,Fuels,10497,1433840,0.73,31,6124,71.41,46316,1477044,3.14,9,31160,48.64,56813,2910884,1.95,16,37284,52.38,35819,25036,43.07
2005,Fuels and mining products,18084,1778105,1.02,32,10530,71.74,53100,1866736,2.84,10,35448,49.8,71184,3644841,1.95,15,45978,54.82,35016,24918,40.52
2005,Integrated circuits and electronic components,196,369504,0.05,38,254,-22.83,937,432575,0.22,32,917,2.18,1133,802079,0.14,35,1171,-3.25,741,663,11.76
2005,Iron and steel,5364,317488,1.69,21,4116,30.32,4307,327901,1.31,20,2229,93.23,9671,645389,1.5,22,6345,52.42,-1057,-1887,-43.99
2005,Machinery and transport equipment,10568,3918917,0.27,35,7494,41.02,28222,3981596,0.71,31,19844,42.22,38790,7900513,0.49,33,27338,41.89,17654,12350,42.95
2005,Manufactures,70864,7454411,0.95,24,55678,27.27,67200,7656516,0.88,26,47119,42.62,138064,15110927,0.91,24,102797,34.31,-3664,-8559,-57.19
2005,Office and telecom equipment,934,1370597,0.07,43,930,0.43,10026,1444058,0.69,24,7622,31.54,10960,2814655,0.39,33,8552,28.16,9092,6692,35.86
2005,Pharmaceuticals,2762,273400,1.01,18,2272,21.57,938,286748,0.33,39,680,37.94,3700,560148,0.66,23,2952,25.34,-1824,-1592,14.57
2005,Telecommunications equipment,303,499934,0.06,45,242,25.21,5754,497141,1.16,18,4151,38.62,6057,997075,0.61,29,4393,37.88,5451,3909,39.45
2005,Textiles,8331,213963,3.89,8,7406,12.49,1932,195952,0.99,24,1302,48.39,10263,409915,2.5,13,8708,17.86,-6399,-6104,4.83
2005,Transport equipment,4358,1248412,0.35,29,2970,46.73,5652,1224285,0.46,37,3895,45.11,10010,2472697,0.4,35,6865,45.81,1294,925,39.89
2004,Agricultural products,8799,779385,1.13,24,7205,22.12,6822,829011,0.82,24,6167,10.62,15621,1608396,0.97,25,13372,16.82,-1977,-1038,90.46
2004,Automotive products,1765,861084,0.2,32,1121,57.45,908,861263,0.11,62,598,51.84,2673,1722347,0.16,45,1719,55.5,-857,-523,63.86
2004,Chemicals,8840,981801,0.9,21,6763,30.71,9177,1024281,0.9,25,6849,33.99,18017,2006082,0.9,22,13612,32.36,337,86,291.86
2004,Clothing,6926,274339,2.52,8,6315,9.68,40,276023,0.01,96,43,-6.98,6966,550362,1.27,15,6358,9.56,-6886,-6272,9.79
2004,Electronic data processing and office equipment,434,456100,0.1,37,369,17.62,2554,470719,0.54,28,1863,37.09,2988,926819,0.32,30,2232,33.87,2120,1494,41.9
2004,Food,7885,625773,1.26,21,6564,20.12,4265,659061,0.65,31,3962,7.65,12150,1284834,0.95,24,10526,15.43,-3620,-2602,39.12
2004,Fuels,6124,1007040,0.61,34,3622,69.08,31160,1049557,2.97,9,21787,43.02,37284,2056597,1.81,18,25409,46.74,25036,18165,37.83
2004,Fuels and mining products,10530,1288174,0.82,36,5893,78.69,35448,1374447,2.58,12,24655,43.78,45978,2662621,1.73,17,30548,50.51,24918,18762,32.81
2004,Integrated circuits and electronic components,254,349895,0.07,35,136,86.76,917,399740,0.23,35,776,18.17,1171,749635,0.16,34,912,28.4,663,640,3.59
2004,Iron and steel,4116,271763,1.51,21,2679,53.64,2229,281416,0.79,32,1295,72.12,6345,553179,1.15,25,3974,59.66,-1887,-1384,36.34
2004,Machinery and transport equipment,7494,3582103,0.21,38,5558,34.83,19844,3633561,0.55,32,14707,34.93,27338,7215664,0.38,34,20265,34.9,12350,9149,34.99
2004,Manufactures,55678,6770425,0.82,25,45352,22.77,47119,6919900,0.68,30,35427,33.0,102797,13690325,0.75,27,80779,27.26,-8559,-9925,-13.76
2004,Office and telecom equipment,930,1229870,0.08,43,711,30.8,7622,1293297,0.59,27,5697,33.79,8552,2523167,0.34,34,6408,33.46,6692,4986,34.22
2004,Pharmaceuticals,2272,247516,0.92,17,1972,15.21,680,257984,0.26,41,610,11.48,2952,505500,0.58,23,2582,14.33,-1592,-1362,16.89
2004,Telecommunications equipment,242,423857,0.06,44,206,17.48,4151,422858,0.98,21,3058,35.74,4393,846715,0.52,30,3264,34.59,3909,2852,37.06
2004,Textiles,7406,206296,3.59,10,6435,15.09,1302,190813,0.68,32,1069,21.8,8708,397109,2.19,13,7504,16.04,-6104,-5366,13.75
2004,Transport equipment,2970,1169388,0.25,32,1936,53.41,3895,1151909,0.34,41,2868,35.81,6865,2321297,0.3,37,4804,42.9,925,932,-0.75
2003,Agricultural products,7205,679149,1.06,24,6911,4.25,6167,717196,0.86,23,4954,24.49,13372,1396345,0.96,25,11865,12.7,-1038,-1957,-46.96
2003,Automotive products,1121,733401,0.15,36,692,61.99,598,735285,0.08,67,439,36.22,1719,1468686,0.12,51,1131,51.99,-523,-253,106.72
2003,Chemicals,6763,803257,0.84,21,5562,21.59,6849,843743,0.81,27,5527,23.92,13612,1647000,0.83,24,11089,22.75,86,-35,-345.71
2003,Clothing,6315,246480,2.56,8,5832,8.28,43,249079,0.02,90,27,59.26,6358,495559,1.28,15,5859,8.52,-6272,-5805,8.04
2003,Electronic data processing and office equipment,369,392408,0.09,35,282,30.85,1863,403093,0.46,29,1451,28.39,2232,795501,0.28,30,1733,28.79,1494,1169,27.8
2003,Food,6564,548846,1.2,21,6379,2.9,3962,574975,0.69,28,3170,24.98,10526,1123821,0.94,25,9549,10.23,-2602,-3209,-18.92
2003,Fuels,3622,755033,0.48,40,2328,55.58,21787,784279,2.78,9,17914,21.62,25409,1539312,1.65,20,20242,25.53,18165,15586,16.55
2003,Fuels and mining products,5893,944461,0.62,36,4461,32.1,24655,1011466,2.44,12,20466,20.47,30548,1955927,1.56,20,24927,22.55,18762,16005,17.23
2003,Integrated circuits and electronic components,136,293870,0.05,38,150,-9.33,776,323372,0.24,33,651,19.2,912,617242,0.15,35,801,13.86,640,501,27.74
2003,Iron and steel,2679,182920,1.46,22,1717,56.03,1295,191120,0.68,34,930,39.25,3974,374040,1.06,25,2647,50.13,-1384,-787,75.86
2003,Machinery and transport equipment,5558,3028030,0.18,41,4241,31.05,14707,3012932,0.49,38,10318,42.54,20265,6040962,0.34,36,14559,39.19,9149,6077,50.55
2003,Manufactures,45352,5670638,0.8,23,37535,20.83,35427,5753878,0.62,31,27586,28.42,80779,11424516,0.71,28,65121,24.04,-9925,-9949,-0.24
2003,Office and telecom equipment,711,1021352,0.07,42,588,20.92,5697,1054833,0.54,28,3745,52.12,6408,2076185,0.31,35,4333,47.89,4986,3157,57.93
2003,Pharmaceuticals,1972,205634,0.96,17,1609,22.56,610,215754,0.28,41,546,11.72,2582,421388,0.61,21,2155,19.81,-1362,-1063,28.13
2003,Telecommunications equipment,206,335042,0.06,44,156,32.05,3058,328373,0.93,22,1643,86.12,3264,663415,0.49,31,1799,81.43,2852,1487,91.8
2003,Textiles,6435,183525,3.51,10,5813,10.7,1069,171529,0.62,37,839,27.41,7504,355054,2.11,15,6652,12.81,-5366,-4974,7.88
2003,Transport equipment,1936,1026527,0.19,34,1367,41.62,2868,982842,0.29,41,1821,57.5,4804,2009369,0.24,38,3188,50.69,932,454,105.29
2002,Agricultural products,6911,582984,1.19,20,6329,9.2,4954,615640,0.8,25,4513,9.77,11865,1198624,0.99,25,10842,9.44,-1957,-1816,7.76
2002,Automotive products,692,630032,0.11,39,571,21.19,439,633221,0.07,69,300,46.33,1131,1263253,0.09,54,871,29.85,-253,-271,-6.64
2002,Chemicals,5562,668013,0.83,22,4747,17.17,5527,705500,0.78,28,4900,12.8,11089,1373513,0.81,24,9647,14.95,-35,153,-122.88
2002,Clothing,5832,215379,2.71,9,5488,6.27,27,221492,0.01,97,44,-38.64,5859,436871,1.34,16,5532,5.91,-5805,-5444,6.63
2002,Electronic data processing and office equipment,282,346053,0.08,37,368,-23.37,1451,358960,0.4,31,1347,7.72,1733,705013,0.25,32,1715,1.05,1169,979,19.41
2002,Food,6379,469912,1.36,20,5829,9.44,3170,490866,0.65,34,2666,18.9,9549,960778,0.99,24,8495,12.41,-3209,-3163,1.45
2002,Fuels,2328,599778,0.39,42,2148,8.38,17914,616292,2.91,9,15768,13.61,20242,1216070,1.66,21,17916,12.98,15586,13620,14.43
2002,Fuels and mining products,4461,768506,0.58,39,3460,28.93,20466,807777,2.53,12,18411,11.16,24927,1576283,1.58,19,21871,13.97,16005,14951,7.05
2002,Integrated circuits and electronic components,150,261399,0.06,35,92,63.04,651,287823,0.23,32,541,20.33,801,549222,0.15,36,633,26.54,501,449,11.58
2002,Iron and steel,1717,144736,1.19,22,1106,55.24,930,150745,0.62,37,804,15.67,2647,295481,0.9,28,1910,38.59,-787,-302,160.6
2002,Machinery and transport equipment,4241,2640263,0.16,40,3770,12.49,10318,2620604,0.39,39,7855,31.36,14559,5260867,0.28,40,11625,25.24,6077,4085,48.76
2002,Manufactures,37535,4901212,0.77,25,32794,14.46,27586,4970229,0.56,34,22106,24.79,65121,9871441,0.66,29,54900,18.62,-9949,-10688,-6.91
2002,Office and telecom equipment,588,902218,0.07,40,601,-2.16,3745,931759,0.4,31,2706,38.4,4333,1833977,0.24,35,3307,31.03,3157,2105,49.98
2002,Pharmaceuticals,1609,167623,0.96,16,1322,21.71,546,176062,0.31,37,401,36.16,2155,343685,0.63,21,1723,25.07,-1063,-921,15.42
2002,Telecommunications equipment,156,294742,0.05,46,142,9.86,1643,284860,0.58,29,818,100.86,1799,579602,0.31,39,960,87.4,1487,676,119.97
2002,Textiles,5813,164269,3.54,11,5523,5.25,839,155058,0.54,43,653,28.48,6652,319327,2.08,15,6176,7.71,-4974,-4870,2.14
2002,Transport equipment,1367,890434,0.15,36,1171,16.74,1821,840900,0.22,47,1137,60.16,3188,1731334,0.18,41,2308,38.13,454,-34,-1435.29
2001,Agricultural products,6329,549484,1.15,22,5951,6.35,4513,581258,0.78,27,3993,13.02,10842,1130742,0.96,25,9944,9.03,-1816,-1958,-7.25
2001,Automotive products,571,570307,0.1,40,588,-2.89,300,577053,0.05,76,421,-28.74,871,1147360,0.08,55,1009,-13.68,-271,-167,62.28
2001,Chemicals,4747,599706,0.79,24,4342,9.33,4900,634412,0.77,29,4680,4.7,9647,1234118,0.78,26,9022,6.93,153,338,-54.73
2001,Clothing,5488,204590,2.68,8,5965,-8.0,44,213570,0.02,85,22,100.0,5532,418160,1.32,16,5987,-7.6,-5444,-5943,-8.4
2001,Electronic data processing and office equipment,368,347907,0.11,34,212,73.58,1347,355855,0.38,33,1413,-4.67,1715,703762,0.24,34,1625,5.54,979,1201,-18.48
2001,Food,5829,441293,1.32,19,5418,7.59,2666,458717,0.58,35,2283,16.78,8495,900010,0.94,23,7701,10.31,-3163,-3135,0.89
2001,Fuels,2148,584698,0.37,43,1443,48.86,15768,620712,2.54,10,19341,-18.47,17916,1205410,1.49,25,20784,-13.8,13620,17898,-23.9
2001,Fuels and mining products,3460,765299,0.45,45,2641,31.01,18411,817375,2.25,12,21754,-15.37,21871,1582674,1.38,23,24395,-10.35,14951,19113,-21.78
2001,Integrated circuits and electronic components,92,250222,0.04,40,72,27.78,541,269090,0.2,36,517,4.64,633,519312,0.12,36,589,7.47,449,445,0.9
2001,Iron and steel,1106,132139,0.84,27,1323,-16.4,804,139920,0.57,38,811,-0.86,1910,272059,0.7,33,2134,-10.5,-302,-512,-41.02
2001,Machinery and transport equipment,3770,2537416,0.15,40,3096,21.77,7855,2524531,0.31,42,7789,0.85,11625,5061947,0.23,41,10885,6.8,4085,4693,-12.96
2001,Manufactures,32794,4642055,0.71,25,32923,-0.39,22106,4700025,0.47,40,22463,-1.59,54900,9342080,0.59,31,55386,-0.88,-10688,-10460,2.18
2001,Office and telecom equipment,601,883934,0.07,41,388,54.9,2706,909977,0.3,36,2630,2.89,3307,1793911,0.18,39,3018,9.58,2105,2242,-6.11
2001,Pharmaceuticals,1322,133784,0.99,17,1147,15.26,401,133849,0.3,45,374,7.22,1723,267633,0.64,23,1521,13.28,-921,-773,19.15
2001,Telecommunications equipment,142,285765,0.05,45,103,37.86,818,285019,0.29,42,701,16.69,960,570784,0.17,44,804,19.4,676,598,13.04
2001,Textiles,5523,157457,3.51,11,5593,-1.25,653,148254,0.44,44,585,11.62,6176,305711,2.02,14,6178,-0.03,-4870,-5008,-2.76
2001,Transport equipment,1171,823720,0.14,35,1152,1.65,1137,782651,0.15,54,1347,-15.59,2308,1606371,0.14,44,2499,-7.64,-34,195,-117.44
2000,Agricultural products,5951,548404,1.09,23,5835,1.99,3993,583031,0.68,32,4862,-17.87,9944,1131435,0.88,27,10697,-7.04,-1958,-973,101.23
2000,Automotive products,588,577698,0.1,38,463,27.0,421,580171,0.07,66,445,-5.39,1009,1157869,0.09,51,908,11.12,-167,-18,827.78
2000,Chemicals,4342,585146,0.74,23,3681,17.96,4680,617664,0.76,28,5746,-18.55,9022,1202810,0.75,29,9427,-4.3,338,2065,-83.63
2000,Clothing,5965,209295,2.85,8,5153,15.76,22,212837,0.01,97,19,15.79,5987,422132,1.42,14,5172,15.76,-5943,-5134,15.76
2000,Electronic data processing and office equipment,212,386292,0.05,37,131,61.83,1413,396482,0.36,33,1063,32.93,1625,782774,0.21,36,1194,36.1,1201,932,28.86
2000,Food,5418,428180,1.27,21,5315,1.94,2283,447488,0.51,37,3294,-30.69,7701,875668,0.88,24,8609,-10.55,-3135,-2021,55.12
2000,Fuels,1443,648165,0.22,53,91,1485.71,19341,671351,2.88,9,14343,34.85,20784,1319516,1.58,24,14434,43.99,17898,14252,25.58
2000,Fuels and mining products,2641,838616,0.31,53,1011,161.23,21754,882082,2.47,12,16825,29.3,24395,1720698,1.42,23,17836,36.77,19113,15814,20.86
2000,Integrated circuits and electronic components,72,316842,0.02,40,53,35.85,517,331816,0.16,36,436,18.58,589,648658,0.09,39,489,20.45,445,383,16.19
2000,Iron and steel,1323,143327,0.92,25,1010,30.99,811,150372,0.54,39,944,-14.09,2134,293699,0.73,31,1954,9.21,-512,-66,675.76
2000,Machinery and transport equipment,3096,2690898,0.12,41,2545,21.65,7789,2677007,0.29,42,7152,8.91,10885,5367905,0.2,42,9697,12.25,4693,4607,1.87
2000,Manufactures,32923,4832193,0.68,26,29024,13.43,22463,4887198,0.46,38,22790,-1.43,55386,9719391,0.57,32,51814,6.89,-10460,-6234,67.79
2000,Office and telecom equipment,388,1008989,0.04,47,283,37.1,2630,1032322,0.25,38,2077,26.62,3018,2041311,0.15,40,2360,27.88,2242,1794,24.97
2000,Pharmaceuticals,1147,108937,1.05,18,1068,7.4,374,112790,0.33,43,373,0.27,1521,221727,0.69,23,1441,5.55,-773,-695,11.22
2000,Telecommunications equipment,103,305822,0.03,46,99,4.04,701,303911,0.23,45,578,21.28,804,609733,0.13,47,677,18.76,598,479,24.84
2000,Textiles,5593,166078,3.37,11,5086,9.97,585,155749,0.38,46,498,17.47,6178,321827,1.92,15,5584,10.64,-5008,-4588,9.15
2000,Transport equipment,1152,821873,0.14,35,962,19.75,1347,781272,0.17,48,1395,-3.44,2499,1603145,0.16,43,2357,6.02,195,433,-54.97
1999,Agricultural products,5835,543009,1.07,23,6235,-6.42,4862,579451,0.84,26,4632,4.97,10697,1122460,0.95,27,10867,-1.56,-973,-1603,-39.3
1999,Automotive products,463,557088,0.08,39,469,-1.28,445,557823,0.08,61,318,39.94,908,1114911,0.08,51,787,15.37,-18,-151,-88.08
1999,Chemicals,3681,542633,0.68,23,3109,18.4,5746,566236,1.01,24,5245,9.55,9427,1108869,0.85,24,8354,12.84,2065,2136,-3.32
1999,Clothing,5153,191461,2.69,9,4782,7.76,19,196847,0.01,89,13,46.15,5172,388308,1.33,14,4795,7.86,-5134,-4769,7.65
1999,Electronic data processing and office equipment,131,229991,0.06,23,86,52.33,1063,205874,0.52,21,788,34.9,1194,435865,0.27,22,874,36.61,932,702,32.76
1999,Food,5315,432047,1.23,21,5687,-6.54,3294,456748,0.72,30,3386,-2.72,8609,888795,0.97,23,9073,-5.11,-2021,-2301,-12.17
1999,Fuels,91,379441,0.02,73,141,-35.46,14343,412605,3.48,7,8045,78.28,14434,792046,1.82,19,8186,76.33,14252,7904,80.31
1999,Fuels and mining products,1011,546697,0.18,58,958,5.53,16825,560864,3.0,9,10405,61.7,17836,1107561,1.61,20,11363,56.97,15814,9447,67.4
1999,Integrated circuits and electronic components,53,200545,0.03,22,44,20.45,436,195286,0.22,18,359,21.45,489,395831,0.12,20,403,21.34,383,315,21.59
1999,Iron and steel,1010,125544,0.8,26,807,25.15,944,131752,0.72,32,1055,-10.52,1954,257296,0.76,31,1862,4.94,-66,248,-126.61
1999,Machinery and transport equipment,2545,2405036,0.11,42,2359,7.88,7152,2371012,0.3,41,6704,6.68,9697,4776048,0.2,41,9063,7.0,4607,4345,6.03
1999,Manufactures,29024,4390142,0.66,26,25209,15.13,22790,4417452,0.52,37,20085,13.47,51814,8807594,0.59,29,45294,14.39,-6234,-5124,21.66
1999,Office and telecom equipment,283,820960,0.03,46,231,22.51,2077,830073,0.25,38,1629,27.5,2360,1651033,0.14,40,1860,26.88,1794,1398,28.33
1999,Pharmaceuticals,1068,36379,2.94,7,934,14.35,373,50175,0.74,24,384,-2.86,1441,86554,1.66,11,1318,9.33,-695,-550,26.36
1999,Telecommunications equipment,99,148451,0.07,24,102,-2.94,578,148435,0.39,27,482,19.92,677,296886,0.23,28,584,15.92,479,380,26.05
1999,Textiles,5086,157498,3.23,11,4558,11.58,498,145662,0.34,50,445,11.91,5584,303160,1.84,16,5003,11.61,-4588,-4113,11.55
1999,Transport equipment,962,399459,0.24,18,867,10.96,1395,386061,0.36,24,984,41.77,2357,785520,0.3,22,1851,27.34,433,117,270.09
1998,Agricultural products,6235,561741,1.11,22,6863,-9.15,4632,587042,0.79,27,3562,30.04,10867,1148783,0.95,24,10425,4.24,-1603,-3301,-51.44
1998,Automotive products,469,529112,0.09,37,603,-22.22,318,519943,0.06,75,420,-24.29,787,1049055,0.08,54,1023,-23.07,-151,-183,-17.49
1998,Chemicals,3109,525708,0.59,26,3418,-9.04,5245,541839,0.97,24,5462,-3.97,8354,1067547,0.78,24,8880,-5.92,2136,2044,4.5
1998,Clothing,4782,191249,2.5,10,4343,10.11,13,194000,0.01,98,9,44.44,4795,385249,1.24,16,4352,10.18,-4769,-4334,10.04
1998,Electronic data processing and office equipment,86,207771,0.04,23,264,-67.42,788,181388,0.43,21,683,15.37,874,389159,0.22,22,947,-7.71,702,419,67.54
1998,Food,5687,448297,1.27,19,6168,-7.8,3386,460672,0.74,28,2173,55.82,9073,908969,1.0,22,8341,8.78,-2301,-3995,-42.4
1998,Fuels,141,309472,0.05,69,395,-64.3,8045,344338,2.34,10,10054,-19.98,8186,653810,1.25,26,10449,-21.66,7904,9659,-18.17
1998,Fuels and mining products,958,466632,0.21,61,1486,-35.53,10405,481768,2.16,14,12542,-17.04,11363,948400,1.2,24,14028,-19.0,9447,11056,-14.55
1998,Integrated circuits and electronic components,44,166046,0.03,22,52,-15.38,359,164204,0.22,20,371,-3.23,403,330250,0.12,21,423,-4.73,315,319,-1.25
1998,Iron and steel,807,144908,0.56,32,1167,-30.85,1055,151775,0.7,33,1408,-25.07,1862,296683,0.63,34,2575,-27.69,248,241,2.9
1998,Machinery and transport equipment,2359,2282121,0.1,41,2793,-15.54,6704,2224396,0.3,43,7440,-9.89,9063,4506517,0.2,42,10233,-11.43,4345,4647,-6.5
1998,Manufactures,25209,4246090,0.59,27,25732,-2.03,20085,4235800,0.47,41,20721,-3.07,45294,8481890,0.53,34,46453,-2.49,-5124,-5011,2.26
1998,Office and telecom equipment,231,731144,0.03,44,443,-47.86,1629,741854,0.22,41,1534,6.19,1860,1472998,0.13,43,1977,-5.92,1398,1091,28.14
1998,Pharmaceuticals,934,31412,2.97,6,947,-1.37,384,42673,0.9,19,389,-1.29,1318,74085,1.78,11,1336,-1.35,-550,-558,-1.43
1998,Telecommunications equipment,102,133859,0.08,24,127,-19.69,482,132291,0.36,30,479,0.63,584,266150,0.22,28,606,-3.63,380,352,7.95
1998,Textiles,4558,159821,2.85,12,5243,-13.07,445,150920,0.29,53,392,13.52,5003,310741,1.61,17,5635,-11.22,-4113,-4851,-15.21
1998,Transport equipment,867,378519,0.23,19,1068,-18.82,984,354167,0.28,29,1220,-19.34,1851,732686,0.25,26,2288,-19.1,117,152,-23.03
1997,Agricultural products,6863,587383,1.17,21,7040,-2.51,3562,607673,0.59,33,3034,17.4,10425,1195056,0.87,26,10074,3.48,-3301,-4006,-17.6
1997,Automotive products,603,502035,0.12,37,648,-6.94,420,489786,0.09,65,580,-27.59,1023,991821,0.1,51,1228,-16.69,-183,-68,169.12
1997,Chemicals,3418,519339,0.66,24,3009,13.59,5462,532466,1.03,27,4961,10.1,8880,1051805,0.84,25,7970,11.42,2044,1952,4.71
1997,Clothing,4343,185582,2.34,10,4217,2.99,9,186425,0.0,99,9,0.0,4352,372007,1.17,17,4226,2.98,-4334,-4208,2.99
1997,Electronic data processing and office equipment,264,213774,0.12,19,291,-9.28,683,185136,0.37,22,391,74.68,947,398910,0.24,21,682,38.86,419,100,319.0
1997,Food,6168,462228,1.33,20,6193,-0.4,2173,467507,0.46,38,1811,19.99,8341,929735,0.9,25,8004,4.21,-3995,-4382,-8.83
1997,Fuels,395,363291,0.11,57,516,-23.45,10054,468697,2.15,13,11459,-12.26,10449,831988,1.26,25,11975,-12.74,9659,10943,-11.73
1997,Fuels and mining products,1486,589746,0.25,55,1714,-13.3,12542,607765,2.06,14,14066,-10.83,14028,1197511,1.17,26,15780,-11.1,11056,12352,-10.49
1997,Integrated circuits and electronic components,52,170939,0.03,20,147,-64.63,371,172083,0.22,18,299,24.08,423,343022,0.12,19,446,-5.16,319,152,109.87
1997,Iron and steel,1167,148810,0.78,28,984,18.6,1408,151112,0.93,29,1359,3.61,2575,299922,0.86,28,2343,9.9,241,375,-35.73
1997,Machinery and transport equipment,2793,2209917,0.13,40,2742,1.86,7440,2139717,0.35,42,7320,1.64,10233,4349634,0.24,40,10062,1.7,4647,4578,1.51
1997,Manufactures,25732,4168337,0.62,26,24127,6.65,20721,4111075,0.5,39,19078,8.61,46453,8279412,0.56,32,43205,7.52,-5011,-5049,-0.75
1997,Office and telecom equipment,443,724590,0.06,38,575,-22.96,1534,718065,0.21,41,1011,51.73,1977,1442655,0.14,40,1586,24.65,1091,436,150.23
1997,Pharmaceuticals,947,27871,3.4,7,814,16.34,389,38414,1.01,21,307,26.71,1336,66285,2.02,12,1121,19.18,-558,-507,10.06
1997,Telecommunications equipment,127,137938,0.09,23,136,-6.62,479,132105,0.36,29,321,49.22,606,270043,0.22,26,457,32.6,352,185,90.27
1997,Textiles,5243,167321,3.13,12,4936,6.22,392,152048,0.26,55,339,15.63,5635,319369,1.76,16,5275,6.82,-4851,-4597,5.53
1997,Transport equipment,1068,358066,0.3,18,1085,-1.57,1220,343340,0.36,26,1685,-27.6,2288,701406,0.33,24,2770,-17.4,152,600,-74.67
1996,Agricultural products,7040,595154,1.18,22,6322,11.36,3034,619179,0.49,37,3003,1.03,10074,1214333,0.83,29,9325,8.03,-4006,-3319,20.7
1996,Automotive products,648,480621,0.13,33,568,14.08,580,468538,0.12,52,458,26.64,1228,949159,0.13,48,1026,19.69,-68,-110,-38.18
1996,Chemicals,3009,498102,0.6,25,2581,16.58,4961,510437,0.97,27,5617,-11.68,7970,1008539,0.79,26,8198,-2.78,1952,3036,-35.7
1996,Clothing,4217,172296,2.45,10,4110,2.6,9,178501,0.01,91,6,50.0,4226,350797,1.2,18,4116,2.67,-4208,-4104,2.53
1996,Electronic data processing and office equipment,291,189986,0.15,19,224,29.91,391,165948,0.24,25,406,-3.69,682,355934,0.19,23,630,8.25,100,182,-45.05
1996,Food,6193,466637,1.33,19,5912,4.75,1811,471656,0.38,40,1553,16.61,8004,938293,0.85,26,7465,7.22,-4382,-4359,0.53
1996,Fuels,516,388026,0.13,50,525,-1.71,11459,452899,2.53,9,8661,32.31,11975,840925,1.42,25,9186,30.36,10943,8136,34.5
1996,Fuels and mining products,1714,547847,0.31,49,1661,3.19,14066,541299,2.6,8,11167,25.96,15780,1089146,1.45,24,12828,23.01,12352,9506,29.94
1996,Integrated circuits and electronic components,147,158779,0.09,16,102,44.12,299,161379,0.19,20,440,-32.05,446,320158,0.14,19,542,-17.71,152,338,-55.03
1996,Iron and steel,984,144375,0.68,29,941,4.57,1359,148741,0.91,28,1429,-4.9,2343,293116,0.8,30,2370,-1.14,375,488,-23.16
1996,Machinery and transport equipment,2742,2088852,0.13,38,2384,15.02,7320,2020545,0.36,40,7375,-0.75,10062,4109397,0.24,40,9759,3.1,4578,4991,-8.27
1996,Manufactures,24127,3978104,0.61,27,23205,3.97,19078,3945212,0.48,41,19314,-1.22,43205,7923316,0.55,33,42519,1.61,-5049,-3891,29.76
1996,Office and telecom equipment,575,663146,0.09,35,465,23.66,1011,666274,0.15,45,1199,-15.68,1586,1329420,0.12,42,1664,-4.69,436,734,-40.6
1996,Pharmaceuticals,814,25902,3.14,6,724,12.43,307,33878,0.91,24,405,-24.2,1121,59780,1.88,12,1129,-0.71,-507,-319,58.93
1996,Telecommunications equipment,136,132375,0.1,21,138,-1.45,321,122820,0.26,28,352,-8.81,457,255195,0.18,28,490,-6.73,185,214,-13.55
1996,Textiles,4936,164047,3.01,12,4358,13.26,339,148634,0.23,54,345,-1.74,5275,312681,1.69,14,4703,12.16,-4597,-4013,14.55
1996,Transport equipment,1085,326479,0.33,17,1025,5.85,1685,319904,0.53,24,1295,30.12,2770,646383,0.43,22,2320,19.4,600,270,122.22
1995,Agricultural products,6322,575148,1.1,23,4399,43.71,3003,614043,0.49,37,2944,2.0,9325,1189191,0.78,30,7343,26.99,-3319,-1455,128.11
1995,Automotive products,568,456111,0.12,32,497,14.29,458,440420,0.1,54,283,61.84,1026,896531,0.11,48,780,31.54,-110,-214,-48.6
1995,Chemicals,2581,490703,0.53,27,2155,19.77,5617,499627,1.12,24,4213,33.33,8198,990330,0.83,26,6368,28.74,3036,2058,47.52
1995,Clothing,4110,163973,2.51,11,3701,11.05,6,169524,0.0,103,4,50.0,4116,333497,1.23,19,3705,11.09,-4104,-3697,11.01
1995,Electronic data processing and office equipment,224,170010,0.13,18,157,42.68,406,148099,0.27,23,286,41.96,630,318109,0.2,22,443,42.21,182,129,41.09
1995,Food,5912,438831,1.35,19,4085,44.72,1553,449898,0.35,43,1700,-8.65,7465,888729,0.84,27,5785,29.04,-4359,-2385,82.77
1995,Fuels,525,302636,0.17,42,513,2.34,8661,366471,2.36,12,6819,27.01,9186,669107,1.37,22,7332,25.29,8136,6306,29.02
1995,Fuels and mining products,1661,475753,0.35,45,1500,10.73,11167,475542,2.35,11,8951,24.76,12828,951295,1.35,24,10451,22.74,9506,7451,27.58
1995,Integrated circuits and electronic components,102,153343,0.07,15,34,200.0,440,152465,0.29,16,269,63.57,542,305808,0.18,17,303,78.88,338,235,43.83
1995,Iron and steel,941,152845,0.62,30,699,34.62,1429,157638,0.91,27,1147,24.59,2370,310483,0.76,31,1846,28.39,488,448,8.93
1995,Machinery and transport equipment,2384,1982615,0.12,39,1893,25.94,7375,1899886,0.39,39,5445,35.45,9759,3882501,0.25,39,7338,32.99,4991,3552,40.51
1995,Manufactures,23205,3836483,0.6,27,19985,16.11,19314,3776224,0.51,38,14383,34.28,42519,7612707,0.56,29,34368,23.72,-3891,-5602,-30.54
1995,Office and telecom equipment,465,632476,0.07,35,261,78.16,1199,629528,0.19,41,816,46.94,1664,1262004,0.13,40,1077,54.5,734,555,32.25
1995,Pharmaceuticals,724,23506,3.08,6,586,23.55,405,29319,1.38,19,298,35.91,1129,52825,2.14,10,884,27.71,-319,-288,10.76
1995,Telecommunications equipment,138,134405,0.1,19,70,97.14,352,118823,0.3,27,261,34.87,490,253228,0.19,25,331,48.04,214,191,12.04
1995,Textiles,4358,163324,2.67,13,3829,13.82,345,147081,0.23,52,325,6.15,4703,310405,1.52,14,4154,13.22,-4013,-3504,14.53
1995,Transport equipment,1025,308446,0.33,16,875,17.14,1295,301350,0.43,24,1244,4.1,2320,609796,0.38,22,2119,9.49,270,369,-26.83
1994,Agricultural products,4399,484526,0.91,25,4167,5.57,2944,512284,0.57,33,1509,95.1,7343,996810,0.74,30,5676,29.37,-1455,-2658,-45.26
1994,Automotive products,497,390603,0.13,31,332,49.7,283,373277,0.08,59,216,31.02,780,763880,0.1,49,548,42.34,-214,-116,84.48
1994,Chemicals,2155,383789,0.56,27,1545,39.48,4213,385720,1.09,24,3002,40.34,6368,769509,0.83,25,4547,40.05,2058,1457,41.25
1994,Clothing,3701,146912,2.52,11,2970,24.61,4,151934,0.0,101,3,33.33,3705,298846,1.24,17,2973,24.62,-3697,-2967,24.6
1994,Electronic data processing and office equipment,157,137758,0.11,18,116,35.34,286,115765,0.25,23,200,43.0,443,253523,0.17,21,316,40.19,129,84,53.57
1994,Food,4085,373000,1.1,23,3729,9.55,1700,387441,0.44,36,721,135.78,5785,760441,0.76,29,4450,30.0,-2385,-3008,-20.71
1994,Fuels,513,187208,0.27,36,495,3.64,6819,324498,2.1,12,6325,7.81,7332,511706,1.43,21,6820,7.51,6306,5830,8.16
1994,Fuels and mining products,1500,406903,0.37,48,1404,6.84,8951,421275,2.12,13,7548,18.59,10451,828178,1.26,26,8952,16.74,7451,6144,21.27
1994,Integrated circuits and electronic components,34,106795,0.03,18,25,36.0,269,104733,0.26,17,212,26.89,303,211528,0.14,17,237,27.85,235,187,25.67
1994,Iron and steel,699,115343,0.61,31,771,-9.34,1147,117531,0.98,25,775,48.0,1846,232874,0.79,31,1546,19.4,448,4,11100.0
1994,Machinery and transport equipment,1893,1621734,0.12,37,1516,24.87,5445,1550298,0.35,41,4336,25.58,7338,3172032,0.23,40,5852,25.39,3552,2820,25.96
1994,Manufactures,19985,3138066,0.64,28,16303,22.58,14383,3088542,0.47,39,12313,16.81,34368,6226608,0.55,30,28616,20.1,-5602,-3990,40.4
1994,Office and telecom equipment,261,490716,0.05,35,189,38.1,816,487169,0.17,43,585,39.49,1077,977885,0.11,42,774,39.15,555,396,40.15
1994,Pharmaceuticals,586,20234,2.9,6,483,21.33,298,23995,1.24,19,258,15.5,884,44229,2.0,10,741,19.3,-288,-225,28.0
1994,Telecommunications equipment,70,122079,0.06,20,48,45.83,261,103031,0.25,27,173,50.87,331,225110,0.15,24,221,49.77,191,125,52.8
1994,Textiles,3829,139920,2.74,13,2917,31.26,325,126772,0.26,51,228,42.54,4154,266692,1.56,13,3145,32.08,-3504,-2689,30.31
1994,Transport equipment,875,297263,0.29,16,705,24.11,1244,272539,0.46,22,1360,-8.53,2119,569802,0.37,21,2065,2.62,369,655,-43.66
1993,Agricultural products,4167,420232,0.99,25,3676,13.36,1509,440678,0.34,43,1825,-17.32,5676,860910,0.66,32,5501,3.18,-2658,-1851,43.6
1993,Automotive products,332,343268,0.1,33,341,-2.64,216,323493,0.07,67,204,5.88,548,666761,0.08,49,545,0.55,-116,-137,-15.33
1993,Chemicals,1545,318675,0.48,26,1392,10.99,3002,327595,0.92,27,3468,-13.44,4547,646270,0.7,27,4860,-6.44,1457,2076,-29.82
1993,Clothing,2970,133913,2.22,13,3099,-4.16,3,138799,0.0,93,4,-25.0,2973,272712,1.09,21,3103,-4.19,-2967,-3095,-4.14
1993,Electronic data processing and office equipment,116,116492,0.1,18,76,52.63,200,93882,0.21,25,182,9.89,316,210374,0.15,23,258,22.48,84,106,-20.75
1993,Food,3729,328120,1.14,22,3346,11.45,721,328456,0.22,52,924,-21.97,4450,656576,0.68,29,4270,4.22,-3008,-2422,24.19
1993,Fuels,495,182253,0.27,34,586,-15.53,6325,322631,1.96,12,7217,-12.36,6820,504884,1.35,21,7803,-12.6,5830,6631,-12.08
1993,Fuels and mining products,1404,390533,0.36,47,1530,-8.24,7548,402510,1.88,15,8863,-14.84,8952,793043,1.13,28,10393,-13.87,6144,7333,-16.21
1993,Integrated circuits and electronic components,25,77961,0.03,18,23,8.7,212,77264,0.27,19,241,-12.03,237,155225,0.15,19,264,-10.23,187,218,-14.22
1993,Iron and steel,771,98451,0.78,28,499,54.51,775,102502,0.76,27,816,-5.02,1546,200953,0.77,30,1315,17.57,4,317,-98.74
1993,Machinery and transport equipment,1516,1389626,0.11,37,1454,4.26,4336,1313377,0.33,44,3458,25.39,5852,2703003,0.22,41,4912,19.14,2820,2004,40.72
1993,Manufactures,16303,2717436,0.6,28,15148,7.62,12313,2662997,0.46,41,12028,2.37,28616,5380433,0.53,33,27176,5.3,-3990,-3120,27.88
1993,Office and telecom equipment,189,395086,0.05,36,143,32.17,585,391211,0.15,46,602,-2.82,774,786297,0.1,45,745,3.89,396,459,-13.73
1993,Pharmaceuticals,483,17855,2.71,6,431,12.06,258,20761,1.24,19,314,-17.83,741,38616,1.92,10,745,-0.54,-225,-117,92.31
1993,Telecommunications equipment,48,101046,0.05,22,43,11.63,173,83162,0.21,27,180,-3.89,221,184208,0.12,25,223,-0.9,125,137,-8.76
1993,Textiles,2917,120072,2.43,14,2932,-0.51,228,109643,0.21,54,166,37.35,3145,229715,1.37,20,3098,1.52,-2689,-2766,-2.78
1993,Transport equipment,705,274448,0.26,16,702,0.43,1360,236039,0.58,23,604,125.17,2065,510487,0.4,20,1306,58.12,655,-98,-768.37
1992,Agricultural products,3676,441225,0.83,27,3361,9.37,1825,464795,0.39,38,1135,60.79,5501,906020,0.61,33,4496,22.35,-1851,-2226,-16.85
1992,Automotive products,341,360178,0.09,30,292,16.78,204,351516,0.06,66,168,21.43,545,711694,0.08,47,460,18.48,-137,-124,10.48
1992,Chemicals,1392,327253,0.43,27,1510,-7.81,3468,343987,1.01,25,3102,11.8,4860,671240,0.72,25,4612,5.38,2076,1592,30.4
1992,Clothing,3099,136893,2.26,14,2527,22.64,4,143865,0.0,94,2,100.0,3103,280758,1.11,20,2529,22.7,-3095,-2525,22.57
1992,Electronic data processing and office equipment,76,106116,0.07,19,66,15.15,182,80963,0.22,23,147,23.81,258,187079,0.14,24,213,21.13,106,81,30.86
1992,Food,3346,343428,0.97,23,3002,11.46,924,351683,0.26,45,527,75.33,4270,695111,0.61,32,3529,21.0,-2422,-2475,-2.14
1992,Fuels,586,143610,0.41,21,423,38.53,7217,340704,2.12,12,5837,23.64,7803,484314,1.61,21,6260,24.65,6631,5414,22.48
1992,Fuels and mining products,1530,409751,0.37,46,1432,6.84,8863,473946,1.87,13,7087,25.06,10393,883697,1.18,26,8519,22.0,7333,5655,29.67
1992,Integrated circuits and electronic components,23,64671,0.04,17,50,-54.0,241,62742,0.38,18,201,19.9,264,127413,0.21,17,251,5.18,218,151,44.37
1992,Iron and steel,499,100498,0.5,29,319,56.43,816,104286,0.78,28,779,4.75,1315,204784,0.64,32,1098,19.76,317,460,-31.09
1992,Machinery and transport equipment,1454,1382886,0.11,35,1347,7.94,3458,1327286,0.26,42,2636,31.18,4912,2710172,0.18,40,3983,23.32,2004,1289,55.47
1992,Manufactures,15148,2735461,0.55,27,12828,18.09,12028,2738084,0.44,38,9726,23.67,27176,5473545,0.5,31,22554,20.49,-3120,-3102,0.58
1992,Office and telecom equipment,143,362625,0.04,35,154,-7.14,602,364067,0.17,44,451,33.48,745,726692,0.1,43,605,23.14,459,297,54.55
1992,Pharmaceuticals,431,16929,2.55,6,483,-10.77,314,18834,1.67,14,228,37.72,745,35763,2.08,8,711,4.78,-117,-255,-54.12
1992,Telecommunications equipment,43,91171,0.05,22,38,13.16,180,71601,0.25,25,103,74.76,223,162772,0.14,25,141,58.16,137,65,110.77
1992,Textiles,2932,124837,2.35,14,2530,15.89,166,119382,0.14,59,135,22.96,3098,244219,1.27,20,2665,16.25,-2766,-2395,15.49
1992,Transport equipment,702,257003,0.27,14,590,18.98,604,212933,0.28,25,429,40.79,1306,469936,0.28,23,1019,28.16,-98,-161,-39.13
1991,Agricultural products,3361,409524,0.82,27,3506,-4.14,1135,432964,0.26,46,1721,-34.05,4496,842488,0.53,34,5227,-13.99,-2226,-1785,24.71
1991,Automotive products,292,321591,0.09,27,198,47.47,168,311341,0.05,57,260,-35.38,460,632932,0.07,43,458,0.44,-124,62,-300.0
1991,Chemicals,1510,304271,0.5,27,1330,13.53,3102,316995,0.98,25,3076,0.85,4612,621266,0.74,25,4406,4.68,1592,1746,-8.82
1991,Clothing,2527,119106,2.12,13,2530,-0.12,2,126297,0.0,97,2,0.0,2529,245403,1.03,22,2532,-0.12,-2525,-2528,-0.12
1991,Electronic data processing and office equipment,66,87152,0.08,16,112,-41.07,147,63597,0.23,20,237,-37.97,213,150749,0.14,19,349,-38.97,81,125,-35.2
1991,Food,3002,315068,0.95,25,2782,7.91,527,324710,0.16,53,771,-31.65,3529,639778,0.55,35,3553,-0.68,-2475,-2011,23.07
1991,Fuels,423,123102,0.34,20,522,-18.97,5837,343754,1.7,13,6495,-10.13,6260,466856,1.34,21,7017,-10.79,5414,5973,-9.36
1991,Fuels and mining products,1432,406576,0.35,45,1553,-7.79,7087,475586,1.49,14,8433,-15.96,8519,882162,0.97,29,9986,-14.69,5655,6880,-17.81
1991,Integrated circuits and electronic components,50,52459,0.1,13,39,28.21,201,46220,0.43,15,251,-19.92,251,98679,0.25,15,290,-13.45,151,212,-28.77
1991,Iron and steel,319,100694,0.32,33,242,31.82,779,102516,0.76,29,1136,-31.43,1098,203210,0.54,34,1378,-20.32,460,894,-48.55
1991,Machinery and transport equipment,1347,1273037,0.11,34,1332,1.13,2636,1225847,0.22,45,4189,-37.07,3983,2498884,0.16,40,5521,-27.86,1289,2857,-54.88
1991,Manufactures,12828,2502807,0.51,27,12523,2.44,9726,2507991,0.39,38,12170,-20.08,22554,5010798,0.45,35,24693,-8.66,-3102,-353,778.75
1991,Office and telecom equipment,154,330309,0.05,35,182,-15.38,451,326636,0.14,43,662,-31.87,605,656945,0.09,41,844,-28.32,297,480,-38.13
1991,Pharmaceuticals,483,13144,3.67,5,453,6.62,228,13543,1.68,13,258,-11.63,711,26687,2.66,7,711,0.0,-255,-195,30.77
1991,Telecommunications equipment,38,74411,0.05,18,31,22.58,103,52325,0.2,22,173,-40.46,141,126736,0.11,22,204,-30.88,65,142,-54.23
1991,Textiles,2530,115325,2.19,14,2180,16.06,135,110587,0.12,55,240,-43.75,2665,225912,1.18,20,2420,10.12,-2395,-1940,23.45
1991,Transport equipment,590,225380,0.26,12,491,20.16,429,181458,0.24,21,1000,-57.1,1019,406838,0.25,18,1491,-31.66,-161,509,-131.63
1990,Agricultural products,3506,400484,0.88,24,2931,19.62,1721,429504,0.4,38,1613,6.7,5227,829988,0.63,33,4544,15.03,-1785,-1318,35.43
1990,Automotive products,198,385853,0.05,36,,,260,339669,0.08,56,,,458,725522,0.06,50,,,62,,
1990,Chemicals,1330,348382,0.38,30,359,270.47,3076,335593,0.92,26,0,,4406,683975,0.64,28,359,1127.3,1746,-359,-586.35
1990,Clothing,2530,117708,2.15,14,2060,22.82,2,135493,0.0,102,3,-33.33,2532,253201,1.0,21,2063,22.73,-2528,-2057,22.9
1990,Electronic data processing and office equipment,112,82564,0.14,18,,,237,61418,0.39,20,,,349,143982,0.24,19,,,125,,
1990,Food,2782,322537,0.86,24,2593,7.29,771,348155,0.22,48,762,1.18,3553,670692,0.53,35,3355,5.9,-2011,-1831,9.83
1990,Fuels,522,259083,0.2,38,,,6495,397989,1.63,14,,,7017,657072,1.07,26,,,5973,,
1990,Fuels and mining products,1553,436970,0.36,45,1487,4.44,8433,507832,1.66,14,6184,36.37,9986,944802,1.06,27,7671,30.18,6880,4697,46.48
1990,Integrated circuits and electronic components,39,49749,0.08,16,,,251,45126,0.56,16,,,290,94875,0.31,16,,,212,,
1990,Iron and steel,242,119690,0.2,37,99,144.44,1136,117551,0.97,25,841,35.08,1378,237241,0.58,34,940,46.6,894,742,20.49
1990,Machinery and transport equipment,1332,1427663,0.09,38,,,4189,1287759,0.33,39,,,5521,2715422,0.2,42,,,2857,,
1990,Manufactures,12523,2411866,0.52,27,11159,12.22,12170,2410995,0.5,35,12806,-4.97,24693,4822861,0.51,30,23965,3.04,-353,1647,-121.43
1990,Office and telecom equipment,182,329230,0.06,38,236,-22.88,662,330629,0.2,42,889,-25.53,844,659859,0.13,41,1125,-24.98,480,653,-26.49
1990,Pharmaceuticals,453,11820,3.83,5,,,258,12168,2.12,10,,,711,23988,2.96,7,,,-195,,
1990,Telecommunications equipment,31,75036,0.04,20,,,173,56773,0.3,25,,,204,131809,0.15,24,,,142,,
1990,Textiles,2180,124212,1.76,16,1810,20.44,240,117610,0.2,50,209,14.83,2420,241822,1.0,21,2019,19.86,-1940,-1601,21.17
1990,Transport equipment,491,207128,0.24,12,,,1000,188160,0.53,18,,,1491,395288,0.38,18,,,509,,
1989,Agricultural products,2931,371559,0.79,29,2474,18.47,1613,400638,0.4,41,2434,-33.73,4544,772197,0.59,35,4908,-7.42,-1318,-40,3195.0
1989,Clothing,2060,93324,2.21,13,1508,36.6,3,100689,0.0,94,3,0.0,2063,194013,1.06,22,1511,36.53,-2057,-1505,36.68
1989,Food,2593,277555,0.93,24,2212,17.22,762,283160,0.27,47,1559,-51.12,3355,560715,0.6,31,3771,-11.03,-1831,-653,180.4
1989,Fuels and mining products,1487,358530,0.41,44,1181,25.91,6184,428833,1.44,15,4781,29.35,7671,787363,0.97,28,5962,28.66,4697,3600,30.47
1989,Manufactures,11159,2101233,0.53,28,9391,18.83,12806,2107543,0.61,30,11001,16.41,23965,4208776,0.57,29,20392,17.52,1647,1610,2.3
1989,Office and telecom equipment,236,267839,0.09,36,168,40.48,889,266653,0.33,33,841,5.71,1125,534492,0.21,35,1009,11.5,653,673,-2.97
1989,Textiles,1810,95450,1.9,15,1585,14.2,209,92338,0.23,49,185,12.97,2019,187788,1.08,21,1770,14.07,-1601,-1400,14.36
1988,Agricultural products,2474,356443,0.69,30,2533,-2.33,2434,383953,0.63,27,2139,13.79,4908,740396,0.66,31,4672,5.05,-40,-394,-89.85
1988,Clothing,1508,84400,1.79,14,1402,7.56,3,91558,0.0,90,2,50.0,1511,175958,0.86,23,1404,7.62,-1505,-1400,7.5
1988,Food,2212,264650,0.84,26,2220,-0.36,1559,272134,0.57,31,1449,7.59,3771,536784,0.7,27,3669,2.78,-653,-771,-15.3
1988,Fuels and mining products,1181,306612,0.39,46,1050,12.48,4781,367670,1.3,17,4492,6.43,5962,674282,0.88,32,5542,7.58,3600,3442,4.59
1988,Manufactures,9391,1950649,0.48,27,7497,25.26,11001,1952991,0.56,32,9148,20.26,20392,3903640,0.52,31,16645,22.51,1610,1651,-2.48
1988,Office and telecom equipment,168,247142,0.07,37,100,68.0,841,244173,0.34,33,638,31.82,1009,491315,0.21,35,738,36.72,673,538,25.09
1988,Textiles,1585,89511,1.77,15,1573,0.76,185,86374,0.21,50,142,30.28,1770,175885,1.01,21,1715,3.21,-1400,-1431,-2.17
1987,Agricultural products,2533,311683,0.81,29,2619,-3.28,2139,337763,0.63,28,1676,27.63,4672,649446,0.72,31,4295,8.78,-394,-943,-58.22
1987,Clothing,1402,77728,1.8,13,1061,32.14,2,83567,0.0,92,2,0.0,1404,161295,0.87,24,1063,32.08,-1400,-1059,32.2
1987,Food,2220,231417,0.96,23,2290,-3.06,1449,242297,0.6,29,1108,30.78,3669,473714,0.77,27,3398,7.98,-771,-1182,-34.77
1987,Fuels and mining products,1050,297534,0.35,48,876,19.86,4492,361901,1.24,19,3467,29.56,5542,659435,0.84,32,4343,27.61,3442,2591,32.84
1987,Manufactures,7497,1675756,0.45,29,5876,27.59,9148,1659046,0.55,31,10511,-12.97,16645,3334802,0.5,29,16387,1.57,1651,4635,-64.38
1987,Office and telecom equipment,100,200194,0.05,37,75,33.33,638,196951,0.32,37,581,9.81,738,397145,0.19,39,656,12.5,538,506,6.32
1987,Textiles,1573,82847,1.9,15,1062,48.12,142,79593,0.18,53,117,21.37,1715,162440,1.06,21,1179,45.46,-1431,-945,51.43
1986,Agricultural products,2619,270621,0.97,26,2568,1.99,1676,291601,0.57,33,1921,-12.75,4295,562222,0.76,30,4489,-4.32,-943,-647,45.75
1986,Clothing,1061,60210,1.76,14,930,14.09,2,65600,0.0,91,0,,1063,125810,0.84,23,930,14.3,-1059,-930,13.87
1986,Food,2290,207703,1.1,22,2310,-0.87,1108,217316,0.51,35,1366,-18.89,3398,425019,0.8,27,3676,-7.56,-1182,-944,25.21
1986,Fuels and mining products,876,263426,0.33,48,1245,-29.64,3467,329655,1.05,20,5431,-36.16,4343,593081,0.73,38,6676,-34.95,2591,4186,-38.1
1986,Manufactures,5876,1388482,0.42,32,5312,10.62,10511,1375308,0.76,25,8829,19.05,16387,2763790,0.59,27,14141,15.88,4635,3517,31.79
1986,Office and telecom equipment,75,160602,0.05,37,43,74.42,581,158454,0.37,35,366,58.74,656,319056,0.21,37,409,60.39,506,323,56.66
1986,Textiles,1062,68214,1.56,16,1054,0.76,117,65596,0.18,52,125,-6.4,1179,133810,0.88,25,1179,0.0,-945,-929,1.72
1985,Agricultural products,2568,242610,1.06,22,2570,-0.08,1921,257450,0.75,26,1911,0.52,4489,500060,0.9,23,4481,0.18,-647,-659,-1.82
1985,Clothing,930,45969,2.02,11,831,11.91,0,50409,0.0,109,0,,930,96378,0.96,21,831,11.91,-930,-831,11.91
1985,Food,2310,183564,1.26,19,2303,0.3,1366,187175,0.73,25,1467,-6.88,3676,370739,0.99,21,3770,-2.49,-944,-836,12.92
1985,Fuels and mining products,1245,370277,0.34,44,2094,-40.54,5431,432890,1.25,15,5445,-0.26,6676,803167,0.83,32,7539,-11.45,4186,3351,24.92
1985,Manufactures,5312,1147067,0.46,30,5229,1.59,8829,1141400,0.77,24,7049,25.25,14141,2288467,0.62,28,12278,15.17,3517,1820,93.24
1985,Office and telecom equipment,43,131499,0.03,40,19,126.32,366,131346,0.28,38,282,29.79,409,262845,0.16,41,301,35.88,323,263,22.81
1985,Textiles,1054,54867,1.92,14,1175,-10.3,125,52423,0.24,50,91,37.36,1179,107290,1.1,21,1266,-6.87,-929,-1084,-14.3
1984,Agricultural products,2570,256160,1.0,23,2509,2.43,1911,264402,0.72,27,2227,-14.19,4481,520562,0.86,26,4736,-5.38,-659,-282,133.69
1984,Clothing,831,44487,1.87,11,694,19.74,0,47366,0.0,106,1,-100.0,831,91853,0.9,22,695,19.57,-831,-693,19.91
1984,Food,2303,194132,1.19,19,2187,5.3,1467,191584,0.77,24,1783,-17.72,3770,385716,0.98,22,3970,-5.04,-836,-404,106.93
1984,Fuels and mining products,2094,388005,0.54,39,1985,5.49,5445,454076,1.2,17,5549,-1.87,7539,842081,0.9,29,7534,0.07,3351,3564,-5.98
1984,Manufactures,5229,1089719,0.48,28,4632,12.89,7049,1078959,0.65,31,7503,-6.05,12278,2168678,0.57,31,12135,1.18,1820,2871,-36.61
1984,Office and telecom equipment,19,126228,0.02,42,29,-34.48,282,124981,0.23,43,253,11.46,301,251209,0.12,45,282,6.74,263,224,17.41
1984,Textiles,1175,53206,2.21,14,889,32.17,91,50693,0.18,55,126,-27.78,1266,103899,1.22,20,1015,24.73,-1084,-763,42.07
1983,Agricultural products,2509,242665,1.03,24,2822,-11.09,2227,254458,0.88,25,1469,51.6,4736,497123,0.95,24,4291,10.37,-282,-1353,-79.16
1983,Clothing,694,38415,1.81,11,625,11.04,1,41234,0.0,98,0,,695,79649,0.87,23,625,11.2,-693,-625,10.88
1983,Food,2187,182301,1.2,18,2501,-12.55,1783,183894,0.97,22,0,,3970,366195,1.08,17,2501,58.74,-404,-2501,-83.85
1983,Fuels and mining products,1985,390394,0.51,40,1908,4.04,5549,450244,1.23,17,6868,-19.21,7534,840638,0.9,30,8776,-14.15,3564,4960,-28.15
1983,Manufactures,4632,1031413,0.45,30,4608,0.52,7503,1039035,0.72,32,6281,19.46,12135,2070448,0.59,32,10889,11.44,2871,1673,71.61
1983,Office and telecom equipment,29,101192,0.03,38,29,0.0,253,98006,0.26,41,0,,282,199198,0.14,42,29,872.41,224,-29,-872.41
1983,Textiles,889,49929,1.78,16,1064,-16.45,126,46084,0.27,47,0,,1015,96013,1.06,22,1064,-4.61,-763,-1064,-28.29
1982,Agricultural products,2822,244228,1.16,19,2841,-0.67,1469,256044,0.57,34,1600,-8.19,4291,500272,0.86,26,4441,-3.38,-1353,-1241,9.02
1982,Clothing,625,38211,1.64,14,755,-17.22,0,40769,0.0,109,0,,625,78980,0.79,25,755,-17.22,-625,-755,-17.22
1982,Food,2501,185788,1.35,16,2500,0.04,0,183726,0.0,126,1235,-100.0,2501,369514,0.68,31,3735,-33.04,-2501,-1265,97.71
1982,Fuels and mining products,1908,440587,0.43,40,496,284.68,6868,495495,1.39,15,7162,-4.1,8776,936082,0.94,29,7658,14.6,4960,6666,-25.59
1982,Manufactures,4608,996724,0.46,29,4935,-6.63,6281,974405,0.64,36,5692,10.35,10889,1971129,0.55,35,10627,2.47,1673,757,121.0
1982,Office and telecom equipment,29,87113,0.03,38,17,70.59,0,85908,0.0,121,136,-100.0,29,173021,0.02,76,153,-81.05,-29,119,-124.37
1982,Textiles,1064,48906,2.18,14,1168,-8.9,0,46101,0.0,113,84,-100.0,1064,95007,1.12,21,1252,-15.02,-1064,-1084,-1.85
1981,Agricultural products,2841,270541,1.05,23,2841,0.0,1600,280137,0.57,36,1483,7.89,4441,550678,0.81,29,4324,2.71,-1241,-1358,-8.62
1981,Clothing,755,39260,1.92,12,673,12.18,0,40952,0.0,117,0,,755,80212,0.94,21,673,12.18,-755,-673,12.18
1981,Food,2500,204396,1.22,17,2413,3.61,1235,198901,0.62,31,1242,-0.56,3735,403297,0.93,21,3655,2.19,-1265,-1171,8.03
1981,Fuels and mining products,496,500075,0.1,62,681,-27.17,7162,558176,1.28,15,6981,2.59,7658,1058251,0.72,31,7662,-0.05,6666,6300,5.81
1981,Manufactures,4935,1045871,0.47,29,5035,-1.99,5692,1017342,0.56,41,5353,6.33,10627,2063213,0.52,33,10388,2.3,757,318,138.05
1981,Office and telecom equipment,17,87796,0.02,39,19,-10.53,136,84924,0.16,50,97,40.21,153,172720,0.09,50,116,31.9,119,78,52.56
1981,Textiles,1168,53852,2.17,14,1306,-10.57,84,49821,0.17,57,72,16.67,1252,103673,1.21,19,1378,-9.14,-1084,-1234,-12.16
1980,Agricultural products,2841,274306,1.04,26,,,1483,288922,0.51,39,,,4324,563228,0.77,31,,,-1358,,
1980,Chemicals,359,144992,0.25,23,,,0,117383,0.0,38,,,359,262375,0.14,33,,,-359,,
1980,Clothing,673,40824,1.65,14,,,0,49898,0.0,121,,,673,90722,0.74,24,,,-673,,
1980,Food,2413,213933,1.13,20,,,1242,213106,0.58,34,,,3655,427039,0.86,22,,,-1171,,
1980,Fuels and mining products,681,525979,0.13,61,,,6981,565532,1.23,16,,,7662,1091511,0.7,33,,,6300,,
1980,Iron and steel,99,66193,0.15,23,,,841,74520,1.13,23,,,940,140713,0.67,28,,,742,,
1980,Manufactures,5035,1043811,0.48,28,,,5353,1019866,0.52,41,,,10388,2063677,0.5,34,,,318,,
1980,Office and telecom equipment,19,89413,0.02,40,,,97,81095,0.12,49,,,116,170508,0.07,49,,,78,,
1980,Textiles,1306,61754,2.11,15,,,72,59124,0.12,61,,,1378,120878,1.14,19,,,-1234,,